iteration,time_sampling,stoc_pol_mean,stoc_pol_std,stoc_pol_max,stoc_pol_min,rollout_success,alpha,delta,time_vpg,time_npg,kl_dist,surr_improvement,running_score,rwd_sparse,rwd_dense,success_percentage,num_samples,time_VF,VF_error_before,VF_error_after,eval_score,eval_success
0,1.6680519580841064,-24.981341148687747,5.8074663520612875,15.274322747706607,-28.106102118829714,0.0,2.4615925254106146,0.1,0.06438541412353516,0.20749759674072266,0.04943889,0.051170614,-24.981341148687747,-0.2566931247324225,-0.24960979139908915,0.0,9600,0.6801261901855469,1.0099436199861231,0.17675974073002132,-19.278238751300783,0.0
1,1.654916763305664,-12.818700696090831,14.398853352883485,29.088699021910866,-27.935409975496082,0.0,3.3456346055617683,0.1,0.008167743682861328,0.29213547706604004,0.058515314,0.02989068,-23.76507710342806,-0.16675329545630702,-0.12800329545630704,0.0,9600,0.8186843395233154,0.977098497008316,0.2790902457565389,-19.25673202506869,0.0
2,1.570819616317749,-2.985068638373599,13.450980080029812,34.72451748524732,-27.654057415616712,0.0,2.7614697808977557,0.1,0.01529383659362793,0.271101713180542,0.059897684,0.036176316,-21.687076256922612,-0.0981167005874033,-0.029783367254069947,0.0,9600,0.8298418521881104,0.5948020876975936,0.5082577036859051,-19.535819315892546,0.0
3,1.5725657939910889,10.336747123278473,16.52813422459697,79.11289840890922,-25.534517772040356,0.0,3.1789227033094103,0.1,0.012949705123901367,0.2807941436767578,0.057036363,0.031799756,-18.484693918902504,-0.07616811100108731,0.10299855566557936,0.0,9600,0.7724652290344238,0.9802526188860159,0.7424312941073198,-8.41116745087843,0.0
4,1.603057622909546,22.50453225602119,23.624748074769823,109.48142897493203,-26.469734023083273,1.0416666666666667,3.4256275866732806,0.1,0.013146162033081055,0.26741957664489746,0.054895762,0.032266863,-14.385771301410134,-0.08238220785851785,0.22511779214148217,1.0416666666666667,9600,0.9375221729278564,0.7236756965019784,0.5880784018543248,-5.977238202595937,0.0
5,1.5784659385681152,22.86670964352467,34.303400890393235,107.7317593062343,-27.070790370263303,2.0833333333333335,3.27909321594129,0.1,0.01191854476928711,0.23180317878723145,0.06003657,0.0321344,-10.660523206916654,-0.11162773533604453,0.2287889313306221,2.0833333333333335,9600,1.3330497741699219,0.6446624570770052,0.6052276334151535,-6.877222087865904,0.0
6,1.55228590965271,39.927317384816845,30.87137606919526,156.8536653576693,-23.906439302920475,3.125,2.9424450503277115,0.1,0.007500410079956055,0.2947664260864258,0.05893898,0.036381733,-5.601739147743305,-0.061104445431987925,0.39931222123467874,3.125,9600,1.7315869331359863,0.4854794084736474,0.41061095565090705,-5.677489714755301,0.0
7,1.5964677333831787,56.0935637157873,36.50272436818675,144.65250277693477,-16.61640019951839,4.166666666666667,2.812959112624988,0.1,0.007480621337890625,0.3191227912902832,0.06625412,0.039746616,0.5677911386097563,-0.05861928887060658,0.5605473777960601,4.166666666666667,9600,1.548938274383545,0.39174384377247967,0.3017675139674805,-4.9505904836439045,0.0
8,1.7634975910186768,93.10743690090193,42.18754947449689,184.98989783958575,-8.23860044066976,20.833333333333332,2.328620629159534,0.1,0.012501716613769531,0.28672194480895996,0.057898223,0.0458344,9.821755714838973,-0.045158405538043456,0.9306749277952898,20.833333333333332,9600,1.7155022621154785,0.28212806259539985,0.20302033465308264,9.266300610220487,0.0
9,1.6159393787384033,132.56896578026513,50.06547961592978,261.408338314496,-6.915695066919081,33.333333333333336,2.3218269084859937,0.1,0.01183629035949707,0.3173666000366211,0.058917638,0.04484608,22.096476721381592,-0.040563814503433895,1.324436185496566,33.333333333333336,9600,1.5900542736053467,0.22835571833377974,0.15298461604803845,350.08974937142966,0.0
10,1.5831634998321533,169.97101729019084,38.947807355753895,249.33496087753963,63.860941127110806,57.291666666666664,2.0751322084125277,0.1,0.011974811553955078,0.30640745162963867,0.06173193,0.051822875,36.883930778262524,-0.030702334355804984,1.6988809989775284,57.291666666666664,9600,1.7217304706573486,0.11479475846039874,0.07154052828725585,414.53213836332816,100.0
11,1.5987207889556885,230.0915503278709,45.40472687652619,305.64414812080264,-6.310646502146046,86.45833333333333,2.153063897597795,0.1,0.012196540832519531,0.3153207302093506,0.057575244,0.048796076,56.20469273322337,-0.027425891923553866,2.2979907747431128,86.45833333333333,9600,1.694063425064087,0.11419745010691779,0.047426896696782725,754.8766024971302,100.0
12,1.5558342933654785,302.367696164282,41.96004557157673,393.95251140084963,184.5559668962927,97.91666666666667,2.0987561406430624,0.1,0.01297616958618164,0.30919909477233887,0.058540497,0.048684396,80.82099307632923,-0.023832394000225732,3.0211676059997736,97.91666666666667,9600,1.387523889541626,0.08838924526941078,0.02709027360595697,762.9604848105664,100.0
13,1.59067964553833,374.0986806360053,33.241613978047894,454.19875438978823,301.6061713915519,100.0,2.0488740792627085,0.1,0.01278066635131836,0.3073544502258301,0.058251012,0.05028434,110.14876183229686,-0.020694554148804212,3.7363887791845287,100.0,9600,1.6759684085845947,0.05469756629957474,0.015018661152377693,771.0560299094824,100.0
14,1.5775084495544434,420.1126333590333,61.12799857534374,522.4713913344557,-5.959112691484771,98.95833333333333,2.254673336416914,0.1,0.012004852294921875,0.304307222366333,0.05626099,0.040908195,141.1451489849705,-0.019301331768598162,4.198198668231401,98.95833333333333,9600,1.4394562244415283,0.032461227094236995,0.017299703903526833,779.2949836461161,100.0
15,1.5339486598968506,474.945678990295,40.918273967036846,570.5086598137012,369.91687487085443,100.0,2.010989127629991,0.1,0.01661062240600586,0.28775858879089355,0.05796482,0.048000127,174.52520198550295,-0.017225783141212068,4.744857550192122,100.0,9600,1.8306748867034912,0.02194062484189,0.010075373058703374,783.3009963116572,100.0
16,1.7424561977386475,528.1248962603211,32.773639299709586,622.6463310143977,438.1597163950379,100.0,2.2512687188479092,0.1,0.012860774993896484,0.2515065670013428,0.056422126,0.04146403,209.88517141298476,-0.015432049598080665,5.27706795040192,100.0,9600,1.646904706954956,0.016553318694556094,0.005370124373864252,779.1499434802931,100.0
17,1.5697686672210693,564.368734931932,28.04865364080022,634.7629990165383,490.3587669077707,100.0,2.2750311826800518,0.1,0.012055397033691406,0.29691553115844727,0.056458205,0.041466597,245.33352776487948,-0.014247508160743086,5.638252491839258,100.0,9600,1.7636587619781494,0.007168132756707651,0.0038654888863258476,783.2204419079183,100.0
18,1.5883305072784424,603.2720711741226,27.233770908213504,674.9042779879258,546.5636238295612,100.0,2.1299307561774783,0.1,0.00963449478149414,0.31765294075012207,0.05586976,0.048022952,281.1273821058038,-0.013131132778953619,6.026868867221045,100.0,9600,1.384660243988037,0.007185296322075073,0.002968323877153766,783.2339780601571,100.0
19,1.5579571723937988,635.1209376673349,23.628559760134543,686.9312678323051,574.6117071511472,100.0,2.373184896450759,0.1,0.012160539627075195,0.3215806484222412,0.053012297,0.03850144,316.52673766195693,-0.01214395465347237,6.345356045346527,100.0,9600,1.4621257781982422,0.0050718861721569045,0.002305766486941267,783.1943858858529,100.0
20,1.5603578090667725,657.0226773541966,22.658684920691954,711.0031975050526,586.6325879138316,100.0,2.391896184231773,0.1,0.011823415756225586,0.24556326866149902,0.046346065,0.033406433,350.5763316311809,-0.01145823211319661,6.56520843455347,100.0,9600,1.9828588962554932,0.0027185045079169716,0.0016117931967862343,783.4105269239362,100.0
21,1.5752441883087158,678.5968337543238,21.83372952026564,731.0675405401784,626.739267000951,100.0,2.4726736814981862,0.1,0.008650064468383789,0.26406097412109375,0.03871962,0.029198091,383.3783818434952,-0.010717063956292289,6.780116269377042,100.0,9600,1.6364166736602783,0.0021566904330447014,0.001538684420631712,783.3409855300771,100.0
22,1.607447862625122,699.3174715586373,23.846545651067572,743.0872213690689,614.8056734352426,100.0,2.65442579451114,0.1,0.017888307571411133,0.320293664932251,0.02834185,0.01985321,414.97229081500944,-0.010178317853592899,6.987738348813074,100.0,9600,1.5530297756195068,0.0028076534502778673,0.001639767784354685,783.3268732788563,100.0
23,1.7342512607574463,704.9702988213479,19.62980798651092,759.1983754994827,642.9061191492217,100.0,2.6457469053579095,0.1,0.013078689575195312,0.2825288772583008,0.028713189,0.022285905,443.9720916156433,-0.009900686224088462,7.043849313775911,100.0,9600,1.5461397171020508,0.001383761301725302,0.0012683444426420383,783.3156667676936,100.0
24,1.5589749813079834,712.5684360350965,20.60397061625733,755.1418005136186,646.8232107191204,100.0,2.659058512105602,0.1,0.012871265411376953,0.2727499008178711,0.02924207,0.019390596,470.83172605758864,-0.009752276769974111,7.119414389896693,100.0,9600,1.4793643951416016,0.0014623820244987402,0.0012830551092652567,783.3232143072017,100.0
25,1.5706276893615723,716.8034705194538,19.20168334442137,763.1786963865133,662.910191915771,100.0,2.5577051986802326,0.1,0.013002634048461914,0.3184514045715332,0.021725249,0.016179333,495.42890050377514,-0.009484771818204419,7.162181894848462,100.0,9600,1.64375638961792,0.0011384961973943384,0.0011576203900286936,783.3721393752684,100.0
26,1.589381456375122,723.3548203974627,17.176121827160397,755.1759010013043,674.9170980085856,100.0,2.696573442455062,0.1,0.008447408676147461,0.31934213638305664,0.024954095,0.017329812,518.221492493144,-0.009388813059320194,7.227694520274014,100.0,9600,1.4751124382019043,0.0008534737473421662,0.000873353490020861,783.3992870488413,100.0
27,1.5912935733795166,721.5234630333607,17.14291125742284,763.2091292725836,678.9558816882645,100.0,2.7926066945112678,0.1,0.012992620468139648,0.2835111618041992,0.020568082,0.014397173,538.5516895471657,-0.009369430593641563,7.209380569406359,100.0,9600,1.6084799766540527,0.0010335644550321188,0.0009039374886059796,783.3767120455544,100.0
28,1.5539414882659912,725.6603439223786,18.057951167436926,763.176309661944,666.8909341032922,100.0,2.4778752653320697,0.1,0.014134883880615234,0.3421478271484375,0.02296484,0.016911149,557.262554984687,-0.009251244134592693,7.25033208919874,100.0,9600,1.4977123737335205,0.0010074009395294637,0.000988581756102554,783.2844780160813,100.0
29,1.559499979019165,731.3797946195976,15.690424914414987,763.2291573618882,694.9718766652541,100.0,3.0193275724280593,0.1,0.01320338249206543,0.32324934005737305,0.023513796,0.016963048,574.6742789481781,-0.009141521801952957,7.307108478198046,100.0,9600,1.2983312606811523,0.000795949524208044,0.0007414273204977073,783.352230381394,100.0
30,1.7027876377105713,735.3944879488939,14.021038940984655,763.1374383657154,702.9948982277781,100.0,3.051099728104696,0.1,0.013024091720581055,0.27918481826782227,0.019893438,0.013491728,590.7462998482497,-0.00899371540532967,7.34725628459467,100.0,9600,1.6670868396759033,0.0006739425004149205,0.0005852609243251468,783.3842406046095,100.0
31,1.7341432571411133,735.4366145409449,16.20486783605453,771.1510143557535,698.9939975817126,100.0,2.637709941959866,0.1,0.011764049530029297,0.27584409713745117,0.021512076,0.015878232,605.2153313175193,-0.008989846222017567,7.34767682044465,100.0,9600,1.6066675186157227,0.0008419428863191375,0.0008022612415061646,783.3949955172067,100.0
32,1.5665080547332764,738.7076944206341,15.97388799863085,771.2855964061522,687.0181807810012,100.0,2.869583497443919,0.1,0.011945486068725586,0.30135083198547363,0.02330035,0.01623773,618.5645676278308,-0.008774904662723633,7.3812250953372756,100.0,9600,1.449648141860962,0.0007112514487969156,0.0007532656079868151,783.3780896459266,100.0
33,1.5633058547973633,739.9964434419413,15.379179874670516,775.2293383297039,691.0229923282513,100.0,2.9654514793835953,0.1,0.013033866882324219,0.31379008293151855,0.021918554,0.014607643,630.7077552092419,-0.008808945436194524,7.393274387897139,100.0,9600,1.3459994792938232,0.0007189098080563357,0.0006327273549628289,783.418832878412,100.0
34,1.5603396892547607,738.2448082964489,15.020565679846777,771.2187639208438,687.0015794157042,100.0,3.0469115208928392,0.1,0.01432347297668457,0.31890273094177246,0.022305079,0.013257083,641.4614605179627,-0.008821819535816509,7.376178180464183,100.0,9600,1.2227730751037598,0.0007766069482464408,0.0007799172772210915,783.4301425385136,100.0
35,1.6090161800384521,738.669786318862,16.453661104696405,779.2379570478167,682.9769882160796,100.0,2.8862712204880383,0.1,0.009821653366088867,0.3313143253326416,0.01800735,0.012459588,651.1822930980527,-0.008741060418066658,7.380008939581933,100.0,9600,1.2130708694458008,0.0008593219668246186,0.0008819070522484365,783.4223711890469,100.0
36,1.5683174133300781,743.3456219660284,15.007503320078044,775.1951141198683,703.0616512353455,100.0,3.008417962078178,0.1,0.011863470077514648,0.26134634017944336,0.035939164,0.022525443,660.3986259848504,-0.008645194965756437,7.42802147170091,100.0,9600,1.4800078868865967,0.0006518520169386439,0.0006304147997147104,783.3971794442316,100.0
37,1.5548341274261475,741.7578107991727,12.57315162286304,767.1810060057288,707.011978810983,100.0,3.623878574845753,0.1,0.010109424591064453,0.28432297706604004,0.022146383,0.01249058,668.5345444662826,-0.008694258010872475,7.4113057419891275,100.0,9600,1.686692714691162,0.0005456972839917597,0.0006347597363043998,783.4243519328311,100.0
38,1.7541253566741943,746.0691749936105,13.431701104036064,775.2166063468724,711.0886733768979,100.0,3.160136428075428,0.1,0.013249635696411133,0.313931941986084,0.025834959,0.016518684,676.2880075190154,-0.008494289218314077,7.455255710781686,100.0,9600,1.8134946823120117,0.0005525088278689774,0.0005483573388839173,783.3866653163707,100.0
39,1.558746576309204,744.2282000016548,15.678633204054613,771.2385859733864,682.9797552024589,100.0,2.7292809606862836,0.1,0.012077808380126953,0.27813053131103516,0.028608052,0.020071846,683.0820267672794,-0.008573591019599836,7.4360097423137335,100.0,9600,1.6732566356658936,0.0007258873018572587,0.0007204286693902989,783.3398929413404,100.0
40,1.5486395359039307,745.5618182379068,13.335758354373096,767.234325869026,698.9913914182296,100.0,2.613709665448728,0.1,0.012210845947265625,0.32390880584716797,0.0244097,0.016479539,689.3300059143422,-0.008565851512788379,7.450600815153879,100.0,9600,1.6766085624694824,0.0005165627866429085,0.0005094741216844483,783.3757531400304,100.0
41,1.6062209606170654,746.2661770725202,13.208462435572075,779.2129998357381,715.0132861600481,100.0,2.9746276021461133,0.1,0.011862516403198242,0.3181335926055908,0.018801643,0.012381454,695.02362303016,-0.008608986825127037,7.456391013174873,100.0,9600,1.5158617496490479,0.00047730829598544554,0.0004777076229936141,783.3696063886805,100.0
42,1.585829496383667,749.196422180421,14.306733756922661,771.2536776319726,707.0751996201797,100.0,3.692329455547684,0.1,0.012945175170898438,0.2934529781341553,0.028925717,0.014072308,700.4409029451862,-0.008474754946227087,7.485275245053773,100.0,9600,1.7681870460510254,0.0005994717294597438,0.0005519113551454158,783.3954837059174,100.0
43,1.582794189453125,746.0274569810514,13.157560246093166,775.230950710508,707.0373098733044,100.0,2.875259228529897,0.1,0.01286768913269043,0.29904675483703613,0.027417526,0.018320486,704.9995583487728,-0.008496469400424566,7.454420197266242,100.0,9600,1.502681016921997,0.0005006269898556977,0.0004860787812303339,783.3797733197185,100.0
44,1.5580172538757324,748.1168290055303,12.569107930208107,775.2037283304321,711.0525021427829,100.0,2.550601696752988,0.1,0.012950897216796875,0.31937742233276367,0.012633081,0.010133755,709.3112854144485,-0.00843736802002932,7.474895965313304,100.0,9600,1.552565097808838,0.000501617025930465,0.0005111133683721645,783.4246809533871,100.0
45,1.5813703536987305,749.1200458797657,14.283197773771075,771.2500294254894,694.9878385581925,100.0,3.1058658068686533,0.1,0.012987613677978516,0.3098025321960449,0.029759077,0.019360557,713.2921614609802,-0.00840362149457636,7.484929711838757,100.0,9600,1.6903724670410156,0.0004964325904325282,0.0004967590508893427,783.4343856462582,100.0
46,1.7689313888549805,747.6588320561433,13.070382374458054,771.2853490305383,711.0244381568725,100.0,2.4747062294556668,0.1,0.01788949966430664,0.3060140609741211,0.023121146,0.016855506,716.7288285204966,-0.00843397854373954,7.469899354789593,100.0,9600,1.5084199905395508,0.0004777464233734238,0.00045910303976591727,783.3940550434538,100.0
47,1.5549671649932861,752.585916745656,12.990819218718718,779.2421386310054,715.1051438792967,100.0,3.204631924735749,0.1,0.012945175170898438,0.3076784610748291,0.02686744,0.014834824,720.3145373430126,-0.008328857017406493,7.51958780964926,100.0,9600,1.6528651714324951,0.000562538673506794,0.0005082523349042947,783.411958933023,100.0
48,1.552020788192749,752.0909854865564,13.395415737811598,775.2607892415407,719.06694703013,100.0,3.2893327144136353,0.1,0.012945890426635742,0.33107686042785645,0.02568682,0.014909443,723.492182157367,-0.00827842425299853,7.514221575747001,100.0,9600,1.42433500289917,0.00052123174484961,0.0004951567088076887,783.4226262333779,100.0
49,1.5529210567474365,751.0004256899825,12.61746567131208,783.2249808047904,711.0417202517071,100.0,3.172444705820795,0.1,0.012845039367675781,0.31163859367370605,0.02576574,0.01563273,726.2430065106286,-0.008347652153623772,7.50373568117971,100.0,9600,1.7690446376800537,0.0004434964244316213,0.00044891689217782196,783.4036172038755,100.0
50,1.5615122318267822,752.2163797175812,13.94341947347848,779.2695821020088,715.0385180182581,100.0,3.050904526212898,0.1,0.015889406204223633,0.2729299068450928,0.027981233,0.015578807,728.8403438313238,-0.008275901381245017,7.515474098618756,100.0,9600,1.5268750190734863,0.0005859513001338363,0.0005663463273335507,783.4033989167572,100.0
51,1.5811326503753662,754.432450368753,12.779197961441426,779.2432808762567,723.1551613585228,100.0,2.882323171293993,0.1,0.012912988662719727,0.31038594245910645,0.024570886,0.015788857,731.3995544850667,-0.008197563560734054,7.537635769772599,100.0,9600,1.5226032733917236,0.00041165671233624613,0.0004103545457246357,783.416064237912,100.0
52,1.5726327896118164,756.0578326757645,11.184330858790762,779.282678857294,727.0648641522536,100.0,3.195961484916103,0.1,0.011915206909179688,0.31189918518066406,0.03034839,0.018760445,733.8653823041366,-0.00819246021180328,7.554307539788195,100.0,9600,1.6894457340240479,0.0003624958287785539,0.00036422345621933157,783.4175915583063,100.0
53,1.6652154922485352,751.8018726405348,10.90906737363412,779.2609594110118,727.1280484431918,100.0,4.259304040770425,0.1,0.011749744415283203,0.3072245121002197,0.032436144,0.015089841,735.6590313377765,-0.008252406651724144,7.511747593348275,100.0,9600,1.760972499847412,0.000370668038537686,0.0003636386858789542,783.3968992770253,100.0
54,1.5934081077575684,754.1811714111606,11.703993140547079,775.2496308074685,723.0824593245931,100.0,3.16690205590166,0.1,0.013022899627685547,0.32418107986450195,0.020108433,0.012174841,737.511245345115,-0.008210368947488805,7.535122964385844,100.0,9600,1.4838573932647705,0.00039930519150276463,0.00038854310247768073,783.4088439195892,100.0
55,1.5727736949920654,755.5978344542799,10.556713192406885,779.2508335592479,711.0562189738505,100.0,3.5628973445152665,0.1,0.01368856430053711,0.3312830924987793,0.031756505,0.015628906,739.3199042560315,-0.00820976930288135,7.54929023069712,100.0,9600,1.9237642288208008,0.0003311082646050767,0.0003454700273556859,783.4723034206355,100.0
56,1.5656161308288574,753.3833879283469,11.645890989947882,779.210973490426,715.1014709337068,100.0,3.3059003277261105,0.1,0.012961626052856445,0.30075931549072266,0.018456465,0.010205614,740.726252623263,-0.008269148622735374,7.527564184710599,100.0,9600,1.6107523441314697,0.0004335813559700181,0.00042227095142649524,783.4585500053122,100.0
57,1.568150520324707,753.6371378384238,11.351222796938075,779.2809281969171,723.0769810674898,100.0,3.0476955536953376,0.1,0.012088775634765625,0.31078100204467773,0.02520222,0.01498027,742.0173411447792,-0.008231509174237145,7.530518490825763,100.0,9600,1.5626177787780762,0.0003962536405599544,0.0004023007666098594,783.4484961459812,100.0
58,1.5656638145446777,755.433267454644,12.371333849327845,783.2596915713015,711.0890976250168,100.0,3.1231749761944982,0.1,0.01190948486328125,0.31830334663391113,0.029039986,0.016569017,743.3589337757656,-0.008188007974392694,7.548061992025606,100.0,9600,1.6989071369171143,0.0004469438894760774,0.0004363654855120442,783.3686182543348,100.0
59,1.5793938636779785,755.6826264335278,11.324611581643875,775.3096994092832,727.0669017064905,100.0,2.7358267615028455,0.1,0.01063084602355957,0.29623889923095703,0.025612768,0.01760805,744.5913030415419,-0.008196220958119374,7.5501371123752135,100.0,9600,1.492825984954834,0.0003954970478356141,0.0003693727335380677,783.4185903276561,100.0
60,1.5984294414520264,756.3521545119405,11.735031321451997,779.2664745634258,723.1297125943405,100.0,3.3339691283629116,0.1,0.012930870056152344,0.30672597885131836,0.021389036,0.010222225,745.7673881885818,-0.008167387111905247,7.556832612888094,100.0,9600,1.4516563415527344,0.00034220513438428175,0.00033525645761510735,783.403340406238,100.0
61,1.627814531326294,758.0643570509692,12.920777547637583,779.260137341873,699.0796159819778,100.0,3.32143458232471,0.1,0.008721590042114258,0.35114002227783203,0.03314559,0.017933445,746.9970850748205,-0.008127073720760766,7.574372926279239,100.0,9600,1.7726738452911377,0.0004340227820234548,0.00043082929725850197,783.400452394071,100.0
62,1.5564305782318115,754.8863643770588,12.629797926702006,779.2479804547247,715.0710380850053,100.0,3.0985996791056514,0.1,0.013118505477905273,0.29726123809814453,0.024895197,0.01438799,747.7860130050443,-0.008240680685047857,7.542175985981618,100.0,9600,1.5587213039398193,0.00041691369335087166,0.000407285151436493,783.3972343121325,100.0
63,1.5864083766937256,755.9335297478806,12.132218749263496,779.2590664206955,719.070260544335,100.0,2.6693973394983286,0.1,0.018679380416870117,0.3140997886657715,0.025193777,0.015931634,748.600764679328,-0.008186625387741937,7.552646707945591,100.0,9600,1.570547342300415,0.00037222405068375666,0.00037572076631018725,783.4222683518017,100.0
64,1.575087547302246,758.5693639035657,11.077804081256607,783.2565881043589,731.1180225301223,100.0,3.2161055803370835,0.1,0.012921571731567383,0.26799941062927246,0.025304582,0.014208856,749.5976246017517,-0.008079587220042933,7.57900374611329,100.0,9600,1.792201280593872,0.00036343377082973275,0.00035509873162173773,783.4213538610616,100.0
65,1.5823895931243896,757.3111201409442,11.6339393574593,779.186655627708,727.1144339801718,100.0,3.078434248319935,0.1,0.013206005096435547,0.3040790557861328,0.020754468,0.010880025,750.3689741556709,-0.008160496485533316,7.566839503514466,100.0,9600,1.644845724105835,0.00038231537517013583,0.0003572349688536443,783.4032814494825,100.0
66,1.5945990085601807,757.3978262549113,10.57726305569557,775.2758299877348,727.0825330284517,100.0,3.106119195535043,0.1,0.013925552368164062,0.2898252010345459,0.03685287,0.020494226,751.071859365595,-0.008127810392709831,7.567288856273957,100.0,9600,1.5748867988586426,0.0003036481381555371,0.00029946123890738313,783.3779674908379,100.0
67,1.6019318103790283,757.9841981510523,9.977300931975927,779.2778456272171,723.077679544685,100.0,3.214687603269794,0.1,0.011986494064331055,0.3123481273651123,0.030409655,0.014360638,751.7630932441407,-0.008097113189803523,7.573152886810196,100.0,9600,1.5954225063323975,0.0002623769917532798,0.0002721266452807776,783.3649148618633,100.0
68,1.7643327713012695,758.7346283236416,10.745753558607916,779.2628925073894,723.080877029886,100.0,3.6751876865209123,0.1,0.013096094131469727,0.3034191131591797,0.036844894,0.016829174,752.4602467520907,-0.008090731096664782,7.581492602236668,100.0,9600,1.4724175930023193,0.0003101863113949815,0.00030337780716013324,783.4007990157013,100.0
69,1.549710988998413,760.7005564993557,10.391899062941933,779.2751234899912,727.1326618886512,100.0,3.5326867960201938,0.1,0.0084991455078125,0.3107128143310547,0.03684883,0.017297827,753.2842777268172,-0.008015472075596403,7.600734527924403,100.0,9600,1.8479681015014648,0.0003010454999400143,0.00028249504708586354,783.4245409071393,100.0
70,1.5846500396728516,759.1606324251294,10.988507447525967,783.2482238346067,719.1165958110922,100.0,3.466250814819271,0.1,0.012982368469238281,0.30741214752197266,0.030407142,0.013750319,753.8719131966484,-0.0080001367628609,7.584916529903805,100.0,9600,1.7863438129425049,0.00033397179045631343,0.0003281799546744573,783.3897776308161,100.0
71,1.5638995170593262,760.8690718949907,9.359281191771952,779.2457223509402,739.1276718769487,100.0,2.948468078799506,0.1,0.007494926452636719,0.3007521629333496,0.03172602,0.016387891,754.5716290664827,-0.007997275163514771,7.602002724836486,100.0,9600,1.3774874210357666,0.0002753437854639071,0.0002505243931185934,783.4050500879046,100.0
72,1.6030433177947998,759.7058048004789,10.145623347653265,783.2789097730201,731.1198256717618,100.0,3.5687741968987305,0.1,0.013104677200317383,0.33951640129089355,0.030942049,0.014273005,755.0850466398824,-0.007965524512134205,7.590367808821199,100.0,9600,1.6530218124389648,0.0002977964746728573,0.00031793482466173416,783.4145778963344,100.0
73,1.5683152675628662,760.3269705994393,10.049463530244596,779.2423403548072,739.1321831714627,100.0,2.8393551479740538,0.1,0.010927915573120117,0.31722140312194824,0.013651054,0.008599065,755.6092390358381,-0.0080034003743322,7.596579932959002,100.0,9600,1.671522617340088,0.00031553875230110626,0.0002917451121173664,783.4331842142618,100.0
74,1.5530545711517334,761.4068506993057,10.053002740069388,783.2204665876093,731.1248850090075,100.0,2.728365200270886,0.1,0.01506185531616211,0.29683399200439453,0.026010131,0.01461553,756.1890002021848,-0.008034961668524644,7.607798371664809,100.0,9600,1.4220829010009766,0.00026888621090319874,0.00026810258938760886,783.3872782063004,100.0
75,1.688568115234375,759.9558342281065,9.842139513985684,779.2344368822728,727.0967300943256,100.0,3.318524617151522,0.1,0.01433873176574707,0.22811436653137207,0.032211598,0.017362833,756.5656836047771,-0.007964450658390819,7.592868882674942,100.0,9600,1.3492255210876465,0.00026221333860923014,0.0002602557592457923,783.3861845898284,100.0
76,1.7372205257415771,761.6230951502004,10.852017194693282,783.2498907615196,719.1161400627637,100.0,3.0254860387148743,0.1,0.012917757034301758,0.2944326400756836,0.030087633,0.015529358,757.0714247593195,-0.007958417028695184,7.609541582971306,100.0,9600,1.460815668106079,0.0002819469001393046,0.00028128093091468357,783.3847311880844,100.0
77,1.561295509338379,761.5413905631273,11.10123855497851,783.2852706115227,735.0978984496201,100.0,3.136758480818259,0.1,0.016061067581176758,0.2883017063140869,0.023796597,0.012839025,757.5184213397002,-0.00794192264192343,7.608724744024744,100.0,9600,1.3989393711090088,0.0003341816773527744,0.0003226237220774363,783.4078582020314,100.0
78,1.6018013954162598,761.3342501239407,10.433982958016424,779.2765023955694,731.0691299565779,100.0,3.0476213411357684,0.1,0.014179706573486328,0.30283331871032715,0.02184026,0.012753646,757.9000042181242,-0.007928811264029797,7.607071188735969,100.0,9600,1.5028977394104004,0.00032302053517971487,0.0003249287213199936,783.4009215073271,100.0
79,1.6218748092651367,759.8720500487079,10.541887324157841,779.2699480062686,727.0974217123785,100.0,2.8301890117094284,0.1,0.01216435432434082,0.311478853225708,0.033311818,0.020112144,758.0972088011827,-0.007967342186098443,7.592449324480568,100.0,9600,2.0242841243743896,0.00030294234309661053,0.000322171718331208,783.3861768883723,100.0
80,1.6165361404418945,762.5835767195855,9.56979255368443,783.2976138312915,731.1129253670124,100.0,3.018177353310336,0.1,0.01202082633972168,0.2867565155029297,0.02482016,0.014729042,758.5458455930229,-0.007936813486791509,7.619146519846542,100.0,9600,1.6002678871154785,0.0002612484225357757,0.0002613786864532286,783.3897473808426,100.0
81,1.6279213428497314,760.6631741839059,9.119563280637674,779.2729143886509,731.0932245512679,100.0,2.7096523803730563,0.1,0.015342235565185547,0.2862834930419922,0.031527292,0.01812363,758.7575784521113,-0.007974981050458489,7.5999416856162085,100.0,9600,1.8393523693084717,0.0002795198463526316,0.00024988686769765364,783.4363687113289,100.0
82,1.6007330417633057,761.5836567045059,8.888320984126038,775.2691294797826,727.0923628444574,100.0,3.321571262827233,0.1,0.013322114944458008,0.319293737411499,0.024963843,0.01330867,759.0401862773508,-0.007934789259432619,7.609148544073901,100.0,9600,1.8080575466156006,0.00026227621072880694,0.00024456488028203776,783.4250583292607,100.0
83,1.563844919204712,763.3352358539952,10.112917461463388,783.2790455184778,735.1777509773127,100.0,2.828740201363757,0.1,0.012299299240112305,0.323164701461792,0.018620756,0.011329452,759.4696912350153,-0.00791996919127548,7.626663364142058,100.0,9600,2.197343111038208,0.0002587034901985175,0.00025748416635703675,783.3777142998217,100.0
84,1.80501127243042,761.1687762169412,9.791747186750285,783.303019721444,739.1055641070575,100.0,3.388591998001026,0.1,0.013131856918334961,0.2807044982910156,0.033825554,0.01795303,759.6395997332079,-0.007917184450186935,7.60499948221648,100.0,9600,1.8038818836212158,0.00027086879521842947,0.0002607075746100868,783.3890213215861,100.0
85,1.6289169788360596,761.5372014190725,10.676350420314549,783.2509475500634,727.1104202049137,100.0,3.629899756663482,0.1,0.012865066528320312,0.3074979782104492,0.033577796,0.016097395,759.8293599017943,-0.007983061439994358,7.608683605226673,100.0,9600,1.8057634830474854,0.00029148352617342925,0.00029068918403144114,783.3701477015975,100.0
86,1.6043009757995605,762.7505076388634,10.182016041579459,779.2731924835482,731.1554234787467,100.0,3.6150503833481005,0.1,0.013016939163208008,0.3052377700805664,0.033754587,0.014968393,760.1214746755013,-0.007933099400511278,7.620816900599489,100.0,9600,1.9799373149871826,0.00028643420379599664,0.00028230558765894435,783.3683804143817,100.0
87,1.5849859714508057,763.8351177994014,8.936771411166625,783.2888268622407,735.1138394166559,100.0,3.2701953157400787,0.1,0.008403301239013672,0.26618409156799316,0.030351976,0.016586157,760.4928389878913,-0.007922329307173917,7.631661004026159,100.0,9600,1.6445386409759521,0.00023133343741868717,0.00022508948555008648,783.4026969293997,100.0
88,1.5645067691802979,765.0472999354294,8.243179850518946,779.2895222570747,739.1669729996253,100.0,3.2892510139942055,0.1,0.011977672576904297,0.29074835777282715,0.0331361,0.017664135,760.9482850826452,-0.0078809739341772,7.644619026065823,100.0,9600,1.7011098861694336,0.0002217582421369377,0.00022112174698026918,783.3760196271816,100.0
89,1.5646650791168213,763.1334373608711,8.521627686716586,779.2667767820376,743.1455423830685,100.0,3.26378614064172,0.1,0.012940645217895508,0.3323795795440674,0.03315576,0.016695913,761.1668003104677,-0.007856335776592982,7.624643664223407,100.0,9600,1.6316509246826172,0.00027410904407366147,0.00021897875131352533,783.3945764166514,100.0
90,1.600506067276001,763.676847437967,10.07550187365945,783.2820086365689,739.1046786657664,100.0,2.873516921578001,0.1,0.009842157363891602,0.3186018466949463,0.026863517,0.015080137,761.4178050232176,-0.007837664403814134,7.630079002262853,100.0,9600,1.8018782138824463,0.00027988443247340983,0.00028150006243813557,783.4069270723634,100.0
91,1.6726083755493164,764.9652238659983,9.146026593202093,783.2546757815818,739.1304235605784,100.0,3.211231030974045,0.1,0.011786699295043945,0.3060781955718994,0.030210152,0.015867112,761.7725469074958,-0.007869924310675283,7.642963409022658,100.0,9600,1.8685643672943115,0.00021766904691489475,0.00021631785601061306,783.3686249627167,100.0
92,1.5632295608520508,764.9713300261186,9.164258600907456,779.2825097001379,731.178590578445,100.0,3.3198785363174927,0.1,0.008980035781860352,0.3021974563598633,0.036119945,0.0196649,762.0924252193581,-0.00780671438558839,7.643026618947746,100.0,9600,1.8762876987457275,0.00020188046112991977,0.0002018215267446044,783.3850972316533,100.0
93,1.5496068000793457,764.8412296705104,8.456914511905104,783.2966426001656,743.2141724859351,100.0,3.493575428842524,0.1,0.010741472244262695,0.33339595794677734,0.03900722,0.019117596,762.3673056644733,-0.007861634741850195,7.641721698591482,100.0,9600,2.1319668292999268,0.00020672103651461893,0.00019180401616418423,783.335443358569,100.0
94,1.5906100273132324,764.4611451373318,8.667052600445096,783.2758588813375,735.1217375853639,100.0,3.3612469607888653,0.1,0.011950492858886719,0.26822853088378906,0.038360957,0.020347493,762.5766896117591,-0.007911814060478951,7.637921519272854,100.0,9600,2.6715869903564453,0.00021184095194157323,0.00022869609587702607,783.38903087688,100.0
95,1.5838818550109863,764.3800824506943,9.907226160850273,783.2683335193988,735.0930413181595,100.0,3.6871944743578857,0.1,0.01288151741027832,0.3011186122894287,0.031849924,0.01636698,762.7570288956526,-0.007888629439988635,7.637111370560011,100.0,9600,1.7180304527282715,0.00027205843964096175,0.00029922549163671454,783.3721790236608,100.0
96,1.6007664203643799,765.9244400955976,9.337585214341878,783.2313265028184,727.1006507768398,100.0,3.369838489238196,0.1,0.012857198715209961,0.30140089988708496,0.031975348,0.018458284,763.0737700156471,-0.00786219804978246,7.652554468616884,100.0,9600,1.742715835571289,0.00035024644776907564,0.00024402248580138205,783.4056504814993,100.0
97,1.5489842891693115,765.0484328869861,9.80285795609909,783.272991308833,743.1571072031066,100.0,3.4170220820870396,0.1,0.01309967041015625,0.31504273414611816,0.040966164,0.020471739,763.2712363027811,-0.007870503443421007,7.643796163223246,100.0,9600,2.058415174484253,0.0002930397750088052,0.0002849469187385862,783.4028086795852,100.0
98,1.5839827060699463,764.2948789867936,8.917925467550562,783.2624974834085,743.1707055428523,100.0,3.488327361457827,0.1,0.00908350944519043,0.2721824645996094,0.037788257,0.019650819,763.3736005711824,-0.0079066431069216,7.636260023559746,100.0,9600,1.5162937641143799,0.00023962151610852343,0.0002187334107092037,783.4029062819984,100.0
99,1.6331069469451904,766.3449953287551,8.586588950329794,783.2725603377706,743.1333345509602,100.0,3.6103251474423397,0.1,0.012799739837646484,0.31777477264404297,0.03647305,0.015978258,763.6707400469397,-0.007822880592526912,7.656760452740808,100.0,9600,1.5748627185821533,0.00021549974277527777,0.0002206493483747948,783.3827799158664,100.0
100,1.571852445602417,764.0520520254712,9.345881463241046,783.2278139860637,735.1578784164567,100.0,3.444462575179444,0.1,0.011864662170410156,0.288043737411499,0.033022016,0.016879031,763.7088712447929,-0.00783447684073123,7.633832189825935,100.0,9600,1.882448434829712,0.00030938738091250927,0.00026067487065297644,783.3513822444759,100.0
101,1.5606067180633545,765.3868044293548,9.591206332465212,783.2508159494596,735.1422237309753,100.0,3.121615404555953,0.1,0.00809788703918457,0.30187034606933594,0.034552947,0.01807576,763.8766645632492,-0.007821254700675137,7.647178745299326,100.0,9600,1.7791075706481934,0.0002337388179394018,0.00023261732346336285,783.3789027542098,100.0
102,1.5952258110046387,765.0953635563542,9.294645884133825,783.2706551500924,739.155911982504,100.0,3.237203994772042,0.1,0.012785673141479492,0.27094364166259766,0.03672052,0.018910162,763.9985344625596,-0.007819598684528889,7.644263734648805,100.0,9600,1.8879454135894775,0.00020500841698853597,0.00021222965620810942,783.3841831237601,100.0
103,1.594987154006958,766.1804865529533,9.824735385656316,783.2928929523888,739.1512880350239,100.0,3.4251089914958874,0.1,0.013011693954467773,0.31711339950561523,0.04048157,0.019149432,764.216729671599,-0.007800514322319489,7.655116152344348,100.0,9600,1.9544126987457275,0.00028191087178380917,0.0002582833217123088,783.3817412205102,100.0
104,1.5390396118164062,764.345834697974,9.88113584889666,783.2848132426525,739.1717135574403,100.0,3.520782043381259,0.1,0.011890888214111328,0.2805290222167969,0.03743823,0.01902912,764.2296401742365,-0.007814746573467044,7.6367685867598665,100.0,9600,1.7625553607940674,0.0002556497509118303,0.000258005124281419,783.3559036723793,100.0
105,1.642531394958496,766.0551267687515,8.776113604421388,783.288234310936,739.2244531886286,100.0,3.506321782057843,0.1,0.009356021881103516,0.32273006439208984,0.043375693,0.02250573,764.412188833688,-0.00780449727595884,7.653862169390707,100.0,9600,1.9048631191253662,0.00025356318537937325,0.00022431903096833803,783.3700792982131,100.0
106,1.5944445133209229,766.0558514428657,10.874245600303597,783.2771927982884,719.1135603096997,100.0,3.9870744443293233,0.1,0.013069868087768555,0.2956387996673584,0.040360063,0.016678102,764.5765550946057,-0.007797936372145399,7.653868730294522,100.0,9600,1.794097661972046,0.0003142282376945168,0.0003227743260512555,783.3524683164972,100.0
107,1.5674924850463867,765.055562205794,9.072847553526083,783.2690704571532,735.1444880375211,100.0,3.5931060092993836,0.1,0.011933326721191406,0.32459282875061035,0.031213894,0.015447693,764.6244558057246,-0.007798372116435869,7.644701627883564,100.0,9600,2.202909231185913,0.000261972653282022,0.00024041886650544417,783.3523349958313,100.0
108,1.602428913116455,765.5965584010734,10.116068997221157,783.2742222006141,727.1185774123978,100.0,3.3884898129335017,0.1,0.008547067642211914,0.31102871894836426,0.0323828,0.01631477,764.7216660652595,-0.007806333725730756,7.649276999607603,100.0,9600,1.7828376293182373,0.00029285533811516473,0.0002948312643556873,783.3715667117541,100.0
109,1.615468978881836,764.6771182423703,9.619530253479503,783.2561130744551,727.126957339909,100.0,3.513345306589054,0.1,0.012914180755615234,0.3188140392303467,0.04112032,0.018267348,764.7172112829705,-0.007834625322844012,7.640082041343823,100.0,9600,1.5469636917114258,0.0002443381193213428,0.00024488594549381,783.3572954367763,100.0
110,1.5630526542663574,763.9681252567588,9.303988449827411,783.2748249712746,735.1917723768499,100.0,3.9829236918183613,0.1,0.012980937957763672,0.26771020889282227,0.040110722,0.01907119,764.6423026803493,-0.007841330942242458,7.632992002391091,100.0,9600,1.490596055984497,0.0002377031779106631,0.0002359192204854912,783.3847536044334,100.0
111,1.5798254013061523,765.5937912179343,8.094067165917673,783.2670925137423,747.2028779367802,100.0,3.5721896931967034,0.1,0.011920690536499023,0.3169524669647217,0.039354626,0.02216263,764.7374515341078,-0.007834201817896085,7.649249131515437,100.0,9600,1.341261386871338,0.00020675552272245073,0.00019531486587566927,783.3864278657946,100.0
112,1.657043218612671,766.1398046883291,8.1717418768083,779.2728204815533,747.2030029837091,100.0,3.457029801877487,0.1,0.007799625396728516,0.3054924011230469,0.02814579,0.012786952,764.8776868495299,-0.007789009530157946,7.655127657136508,100.0,9600,1.4614615440368652,0.00018675791097791362,0.00018743698130163923,783.3794534296011,100.0
113,1.7753345966339111,767.0171584155092,8.571826571696652,783.307952888156,743.1955517841269,100.0,3.3626625448869727,0.1,0.009916067123413086,0.30403900146484375,0.045074437,0.024387855,765.091634006128,-0.0077678925698971765,7.663482107430103,100.0,9600,1.4926304817199707,0.00021255382702832745,0.0002508419545575644,783.3755620634831,100.0
114,1.5898592472076416,766.1013229371016,9.278299581952163,783.341907213591,743.1460197667002,100.0,3.280395644022024,0.1,0.011895418167114258,0.3368997573852539,0.03776932,0.019363333,765.1926028992253,-0.0077589570533414,7.654324376279992,100.0,9600,1.834069013595581,0.00025158272618003915,0.0002297726675901214,783.3726600926793,100.0
115,1.5917232036590576,767.0183390009828,8.951661370012605,783.2840904659013,747.1583667483208,100.0,3.5590704076874866,0.1,0.013100147247314453,0.3049321174621582,0.030816218,0.01552149,765.3751765094012,-0.0077559385083759555,7.66391072815829,100.0,9600,1.562864065170288,0.00022959311741144149,0.00022641907486969,783.3526844507896,100.0
116,1.585758924484253,767.726176724116,8.249101009597762,783.285762733366,751.1401602408013,100.0,3.7627211332169406,0.1,0.013005495071411133,0.28846096992492676,0.037137713,0.015765214,765.6102765308726,-0.007758740328553196,7.67057459300478,100.0,9600,1.7038235664367676,0.00019231587939693497,0.0001922455752881748,783.3654270784717,100.0
117,1.5564815998077393,767.3960885000674,8.56412784056693,783.2818228666601,743.1489735482993,100.0,4.082493025889068,0.1,0.01297616958618164,0.2746119499206543,0.03634999,0.01663417,765.7888577277922,-0.007729178685553009,7.667270821314446,100.0,9600,1.5660486221313477,0.00019234007961911446,0.0002202253688400537,783.3670734943242,100.0
118,1.6067194938659668,766.8899043838022,8.978239284912426,783.3097899231603,743.1607313842376,100.0,3.5052433233821922,0.1,0.012549877166748047,0.3003556728363037,0.03610925,0.016539428,765.8989623933932,-0.0077897387443261225,7.662626927922339,100.0,9600,1.5301563739776611,0.00025571027047585474,0.0002611227271535643,783.3713371295033,100.0
119,1.5907707214355469,766.7214896798638,7.8964743762675065,783.2321715583976,747.1875044089775,100.0,3.360304289549318,0.1,0.011713266372680664,0.2510805130004883,0.03625075,0.017030034,765.9812151220402,-0.0078065815753276995,7.660526751758006,100.0,9600,1.7315223217010498,0.00023649193009407708,0.0001919518046184383,783.3547765448316,100.0
120,1.6991839408874512,766.0028941966367,8.625595010197346,779.2804992253215,739.1318638880716,100.0,3.8395370173388317,0.1,0.01170659065246582,0.29615116119384766,0.04530498,0.020831538,765.9833830294999,-0.007910071292447014,7.6533399287075525,100.0,9600,1.778266429901123,0.00019666339277119428,0.00020250817612752235,783.3375561922347,100.0
121,1.5558278560638428,766.0522163490983,9.113543336096065,779.2906963389579,731.1327864195008,100.0,3.884642056389136,0.1,0.013855218887329102,0.30911779403686523,0.03858254,0.017572094,765.9902663614598,-0.00783310072711054,7.653833565939556,100.0,9600,1.3621697425842285,0.00022856776296229956,0.00022620891329482837,783.3564288742373,100.0
122,1.5545995235443115,766.1297885003481,8.108139213682065,783.2410529785752,747.1550961424057,100.0,3.7786036646467895,0.1,0.013115167617797852,0.27019691467285156,0.040105917,0.018330267,766.0042185753487,-0.00789150445291305,7.654608495547087,100.0,9600,1.786168098449707,0.0001929513146923472,0.00018813795919133942,783.348626987711,100.0
123,1.5583393573760986,766.8056608307955,8.091850469715657,783.267849144878,739.1497286725412,100.0,3.61498724638084,0.1,0.010722875595092773,0.31741786003112793,0.044101063,0.018320017,766.0843628008934,-0.007799439183867493,7.661367227482799,100.0,9600,1.5358288288116455,0.00017694525811651196,0.0001900217290271097,783.3778467619558,100.0
124,1.5913360118865967,766.6833071634161,9.515677415507346,783.2565548117568,743.1698497064027,100.0,3.2992586101864823,0.1,0.012846946716308594,0.2798342704772949,0.03784818,0.019084148,766.1442572371457,-0.007773232634192491,7.660143434032474,100.0,9600,1.7700629234313965,0.0002565156812715468,0.00023942395802288815,783.3713475724617,100.0
125,1.607872486114502,768.3532066998932,8.921723058639062,783.282102330872,735.1829760354875,100.0,3.4749069121912166,0.1,0.013199090957641602,0.2934744358062744,0.032858655,0.0151008945,766.3651521834204,-0.007739970903828531,7.677260029096171,100.0,9600,1.4810206890106201,0.00022206570101401582,0.0002212806015123827,783.3638728552698,100.0
126,1.6083390712738037,767.1004081709075,8.621977866998156,783.2451708240116,739.1817053521244,100.0,3.7428080288054195,0.1,0.013001680374145508,0.2808194160461426,0.034866985,0.01617649,766.4386777821692,-0.007768831531205102,7.664314501802127,100.0,9600,1.6286194324493408,0.00020139966898335946,0.00021230548416143196,783.3871045319429,100.0
127,1.5533368587493896,768.4365528000848,8.933836687707991,783.3027034299538,739.1197323536189,100.0,3.7694731550350564,0.1,0.011719942092895508,0.310758113861084,0.038641747,0.01824539,766.6384652839608,-0.007738514416521527,7.6780948189168114,100.0,9600,1.7035577297210693,0.000256567086496005,0.0002179522556654104,783.3829361542857,100.0
128,1.77652907371521,767.604554559296,8.663137217524172,783.2905237287883,747.1458774212687,100.0,4.294956630629163,0.1,0.012866735458374023,0.3058769702911377,0.043593854,0.017576328,766.7350742114943,-0.007726583248776705,7.669356750084556,100.0,9600,1.611060380935669,0.00020088735071724606,0.0001941509485069572,783.3324713738182,100.0
129,1.5788931846618652,768.1873441047488,9.486130577389636,783.2908650796185,739.1560986667727,100.0,3.739662785138979,0.1,0.013030767440795898,0.2775614261627197,0.040005475,0.019631483,766.8803012008198,-0.007731760629663499,7.6751849060370025,100.0,9600,1.56353759765625,0.00020373727785889386,0.00022379338380352297,783.3772426316384,100.0
130,1.8120222091674805,767.3513210396937,9.011643273569723,783.2808552030775,743.1583286463685,100.0,3.5217811401126307,0.1,0.012887954711914062,0.3120005130767822,0.03388983,0.017278302,766.9274031847071,-0.007759333307416477,7.667240666692584,100.0,9600,1.8040130138397217,0.0002590614548059539,0.00024087511293119466,783.3498849224579,100.0
131,1.562619924545288,767.395284461861,9.165484303882744,783.2977964344595,739.139670704143,100.0,3.4796187051051573,0.1,0.01309061050415039,0.3000681400299072,0.03231308,0.01524339,766.9741913124226,-0.007733874931999628,7.667682791734666,100.0,9600,1.9008820056915283,0.0002534056454164485,0.00021977626855597052,783.3548769482759,100.0
132,1.544114351272583,768.3102497762247,7.732582800228451,783.2858247644754,743.1354875565788,100.0,3.9799356959743584,0.1,0.011877775192260742,0.31676506996154785,0.03496725,0.0144074345,767.1077971588029,-0.007753140590535002,7.676413526076132,100.0,9600,1.788935661315918,0.00015055211220939085,0.0001583685827359377,783.3466305282997,100.0
133,1.613487720489502,767.8947789851451,8.358097050905842,783.1929014356544,735.1237621175978,100.0,3.65847159205319,0.1,0.012964248657226562,0.3010375499725342,0.036253612,0.017469944,767.1864953414372,-0.007741693711389518,7.672258306288609,100.0,9600,1.779923439025879,0.0002040282122888702,0.00019235091307681136,783.3123062486598,100.0
134,1.5625040531158447,767.596245300534,7.323544973330154,779.2666590430226,743.1714938604788,100.0,3.8493595969631853,0.1,0.012984752655029297,0.25868940353393555,0.04003956,0.018717004,767.227470337347,-0.007810563518272252,7.66927276981506,100.0,9600,1.8878188133239746,0.00016614516832227225,0.00016255679425532861,783.4062724674137,100.0
135,1.5756280422210693,769.4816552593484,6.961772001175391,783.3028507137084,755.177638932663,100.0,4.083991099839693,0.1,0.01302027702331543,0.29462718963623047,0.035565708,0.014280995,767.4528888295472,-0.007705623230461514,7.688127710102873,100.0,9600,1.6916780471801758,0.0001684221321812845,0.00016471287179900199,783.3091323723439,100.0
136,1.7117741107940674,768.8136011359089,8.095622563708517,783.3025406634468,743.1653760982381,100.0,3.4036177502036575,0.1,0.012885570526123047,0.3044707775115967,0.041020073,0.020602897,767.5889600601834,-0.007717961923439087,7.681448704743228,100.0,9600,1.5391745567321777,0.0001721489759016517,0.0001663043059341339,783.2876549751438,100.0
137,1.5848219394683838,767.8126501260757,8.038436133466497,783.2711214719385,739.189070182162,100.0,3.7158111226517394,0.1,0.01316213607788086,0.29937314987182617,0.04294317,0.018744022,767.6113290667727,-0.007728188076398846,7.671855145256934,100.0,9600,1.4973101615905762,0.0001854640665982147,0.0001836252103490459,783.3461252087026,100.0
138,1.565535068511963,768.7281787883394,7.59810773431168,783.290929244935,751.1405062249544,100.0,3.503551097682645,0.1,0.013016223907470703,0.28816986083984375,0.03935475,0.018479928,767.7230140389294,-0.007740078592959865,7.680593254740373,100.0,9600,1.9682509899139404,0.00016433122761412856,0.00016675781439234218,783.3393885155032,100.0
139,1.5826995372772217,767.4336244512803,8.231961071644434,783.2623444157471,743.1825086812823,100.0,3.5061453483595035,0.1,0.011629819869995117,0.3374056816101074,0.04311416,0.022307971,767.6940750801645,-0.007767932277089426,7.668065401056244,100.0,9600,1.6485683917999268,0.00022229322750685066,0.00020399347461627415,783.3464365008836,100.0
140,1.5891997814178467,766.3022228599172,8.400568816707755,783.2284309264476,743.1359896457358,100.0,3.8254109564481635,0.1,0.01199793815612793,0.33530592918395996,0.036158964,0.016247863,767.5548898581397,-0.007834003883855642,7.656332662782812,100.0,9600,1.8368053436279297,0.00020459534015368667,0.00020353159641201977,783.3285404005761,100.0
141,1.5612719058990479,768.7701830656644,9.658463325377754,783.3432680909764,723.1418102071955,100.0,3.489371086501563,0.1,0.010370016098022461,0.2719845771789551,0.03232179,0.014813866,767.6764191788923,-0.00773636801939933,7.681430298647268,100.0,9600,1.5154445171356201,0.00022914906860529289,0.0002168570704403163,783.3860785404388,100.0
142,1.5740578174591064,769.7801303899165,7.894845696122705,783.299286883832,747.192782710173,100.0,3.8718105663355424,0.1,0.012952566146850586,0.27437615394592285,0.039647624,0.018533062,767.8867902999947,-0.007637775727333931,7.6911122242726675,100.0,9600,1.996422529220581,0.00016858530731746392,0.00017297926741043686,783.3911538566801,100.0
143,1.5830247402191162,768.7782364976262,7.8616745188203145,783.2966882222199,739.1623490317207,100.0,3.725513063201525,0.1,0.013141632080078125,0.2559518814086914,0.037337888,0.017112417,767.9759349197578,-0.007656404881990732,7.681510261784676,100.0,9600,1.7391257286071777,0.00017840256582721885,0.0001709888961519217,783.3603098888084,100.0
144,1.7573878765106201,767.065487958073,8.642858091607225,783.2345746523891,735.155793072077,100.0,3.325580372678933,0.1,0.02027297019958496,0.328690767288208,0.029983623,0.013666322,767.8848902235893,-0.00770159103998843,7.6639650756266775,100.0,9600,1.3445358276367188,0.0001990917040630035,0.0001912133746065702,783.3833841508784,100.0
145,1.5545592308044434,768.985651660414,7.840699990301297,783.2885728114032,747.175510317145,100.0,3.4010305398723824,0.1,0.012989044189453125,0.28777384757995605,0.04552974,0.023841677,767.9949663672718,-0.007666651979026708,7.683166681354305,100.0,9600,1.644251823425293,0.0001660114020810773,0.0001594477316986515,783.3877668201258,100.0
146,1.579157829284668,768.8550777149009,7.966831039104539,783.2731272591576,739.1876636068362,100.0,3.6289871825434536,0.1,0.011787176132202148,0.2969167232513428,0.033222765,0.01588503,768.0809775020347,-0.007721646728377121,7.6818616866049565,100.0,9600,1.4184391498565674,0.0001926754118309865,0.00020211981625140865,783.3490433753731,100.0
147,1.560687780380249,770.6522263217252,8.036675868490878,783.316797489467,739.1380403002627,100.0,3.977461817782925,0.1,0.011766910552978516,0.2926616668701172,0.044370856,0.018441292,768.3381023840037,-0.007667292677577677,7.699832707322422,100.0,9600,1.3366219997406006,0.0001925782378816263,0.0001649356692628032,783.3548209802698,100.0
148,1.5587756633758545,767.978752766871,8.530020766769107,779.2864093928566,743.1561985297147,100.0,3.6649910255162474,0.1,0.01294255256652832,0.3307323455810547,0.032815143,0.014324178,768.3021674222905,-0.007734402006102145,7.673515597993898,100.0,9600,1.5637664794921875,0.0002596197737229759,0.00023262824142435544,783.4133669929054,100.0
149,1.5509610176086426,768.7767897629252,7.526554136499582,783.2692440991225,751.1439773813081,100.0,4.011169252455054,0.1,0.013955354690551758,0.3090674877166748,0.044214852,0.020083524,768.349629656354,-0.007672135082628338,7.6810778649173725,100.0,9600,1.471266269683838,0.00020610755048978814,0.00015913608537198307,783.3278149320207,100.0
150,1.5821101665496826,768.6950178555929,8.002050258947724,783.2924535531739,747.1753451609842,100.0,4.389407687947597,0.1,0.011770486831665039,0.3025689125061035,0.042587508,0.016762359,768.3841684762779,-0.007654124103606542,7.68026254256306,100.0,9600,1.4570109844207764,0.00018591097013844932,0.00018717855569549193,783.3765248985202,100.0
151,1.6426923274993896,768.4443841315397,7.811783296086376,783.3054342642213,747.173189450298,100.0,3.1689072913372653,0.1,0.011839151382446289,0.3338043689727783,0.029261922,0.014824111,768.3901900418041,-0.007662192015794582,7.677754474650873,100.0,9600,1.9970240592956543,0.00017616641904152067,0.0001712083535320171,783.3609175348809,100.0
152,1.5811767578125,768.6935267869359,8.081771447830945,783.3071577922273,743.1728567242044,100.0,3.3260034817229753,0.1,0.012791156768798828,0.2829551696777344,0.0344875,0.018589672,768.4205237163173,-0.007670944727384463,7.680245721939283,100.0,9600,1.763293743133545,0.0001630791529946258,0.00016222025063254158,783.3718134504297,100.0
153,1.5669870376586914,768.3656903893456,7.910685453835812,779.3078167469905,747.1815492122454,100.0,3.5888080507663966,0.1,0.011862754821777344,0.3234531879425049,0.039121673,0.019115975,768.4150403836202,-0.007614957913361376,7.677385042086638,100.0,9600,1.6243538856506348,0.00016999658567256966,0.0001644542974423461,783.3857152962939,100.0
154,1.5894107818603516,770.2028079668939,7.681568825323432,783.2956411319316,747.1666492642511,100.0,3.9393078512267583,0.1,0.0119171142578125,0.2649414539337158,0.04128927,0.017921897,768.5938171419475,-0.007576746219413032,7.695339920447253,100.0,9600,1.4530611038208008,0.00017330308616694115,0.000162978646469243,783.3751217510141,100.0
155,1.5581254959106445,769.1582961034941,7.747529524967373,779.3119754790132,739.1663577697901,100.0,3.973684104405633,0.1,0.011818647384643555,0.32389163970947266,0.04202199,0.017916398,768.6502650381022,-0.007606581249007716,7.684893418750993,100.0,9600,1.4137656688690186,0.0001643725025944821,0.00016234080767975394,783.3258208358759,100.0
156,1.5632102489471436,769.1088186679966,10.100786145143967,783.3254728295229,731.1530352126974,100.0,2.844110569767359,0.1,0.013317108154296875,0.29234933853149414,0.03651143,0.020106185,768.6961204010917,-0.007682523846366994,7.684817476153634,100.0,9600,1.8783462047576904,0.0002175053781551386,0.0002182521058704461,783.36326862725,100.0
157,1.5733988285064697,770.6536977944733,8.078865758702769,783.294308685933,751.187954435159,100.0,3.9715234454242316,0.1,0.011807441711425781,0.3063321113586426,0.035295274,0.014255046,768.8918781404299,-0.007652438878732973,7.699847561121267,100.0,9600,1.8632502555847168,0.0001727537627307917,0.00017466899306444478,783.3568991120695,100.0
158,1.6177475452423096,768.9033925868708,7.989859604200443,783.2881644060695,747.2029943824697,100.0,3.381857641886861,0.1,0.010555505752563477,0.2848842144012451,0.037544783,0.018505523,768.8930295850739,-0.007654031223773426,7.682345968776226,100.0,9600,1.7649390697479248,0.00018104143308685528,0.00016618224742943172,783.369292253309,100.0
159,1.729670763015747,770.7840085880424,7.200187176954165,783.2790217537641,751.2104921162631,100.0,3.289745286790227,0.1,0.011845111846923828,0.3124077320098877,0.03006182,0.015464249,769.0821274853707,-0.0075992995167680835,7.7011507004832325,100.0,9600,1.6493945121765137,0.0001384136384948299,0.00012862699169572113,783.3858653700839,100.0
160,1.6006596088409424,770.8233020648885,7.049884405082215,783.2836221548189,751.2138057189321,100.0,3.2473351889573694,0.1,0.012776851654052734,0.320202112197876,0.037280083,0.019313643,769.2562449433226,-0.007621773260930341,7.7019615600724025,100.0,9600,1.9818849563598633,0.00015212714179280775,0.00014658652621506933,783.3711611364341,100.0
161,1.6293447017669678,769.9928619181859,7.684005300720717,783.2977074726809,751.173177806887,100.0,4.566844448852457,0.1,0.011806488037109375,0.26128339767456055,0.042096283,0.017107219,769.3299066408089,-0.007592501398355013,7.693657498601645,100.0,9600,2.0424082279205322,0.00017032074282985298,0.00017712594201159276,783.3837182508696,100.0
162,1.569627285003662,770.8248652102666,7.031994397459322,783.3062126645767,751.1527344312408,100.0,3.919947314926387,0.1,0.011574506759643555,0.27248072624206543,0.04236956,0.019456742,769.4794024977547,-0.007606476513692423,7.701560190152975,100.0,9600,1.7056033611297607,0.0001680981262560424,0.00015350822746231714,783.3383933529424,100.0
163,1.592820405960083,770.0378482068246,7.915360251935007,783.3059890717944,747.1971684112816,100.0,3.9401537128437876,0.1,0.011770009994506836,0.2794663906097412,0.041496143,0.017979154,769.5352470686616,-0.007557322856939328,7.694109343809727,100.0,9600,1.6417005062103271,0.00017118065498501948,0.00017081139783764685,783.4027617757972,100.0
164,1.5821034908294678,771.2071680249325,7.310821681783189,783.2836985948809,747.2164775140822,100.0,3.425414954748371,0.1,0.011812210083007812,0.2890017032623291,0.02467313,0.012499298,769.7024391642888,-0.007532090844869127,7.706217909155131,100.0,9600,1.4842324256896973,0.00014863871843079604,0.0001489065034010919,783.3450313948877,100.0
165,1.6133744716644287,770.2002757880373,8.006541089505735,783.2963563613733,743.1607698616004,100.0,3.300808603951722,0.1,0.013107061386108398,0.2759082317352295,0.03181381,0.015852394,769.7522228266636,-0.007600992584583442,7.695732340748751,100.0,9600,1.6274127960205078,0.00017164419366032677,0.00016873832880405528,783.3702360325625,100.0
166,1.7071220874786377,769.4518148489668,8.850120422840883,783.3093803150591,743.1571218929026,100.0,3.2275990828789913,0.1,0.012746334075927734,0.3037092685699463,0.031923495,0.015307883,769.7221820288939,-0.007587124659264209,7.687829542007403,100.0,9600,1.7198646068572998,0.0002041897187624659,0.00025823427391368127,783.3789961363073,100.0
167,1.59169340133667,769.912187160368,7.2422458213304415,783.3186035448913,751.1513849181933,100.0,4.185707281799422,0.1,0.008584260940551758,0.2865273952484131,0.04164907,0.01772272,769.7411825420413,-0.0075688460326895695,7.69243115396731,100.0,9600,1.8702380657196045,0.00019979140023672294,0.00015320049135174267,779.3559210879735,100.0
168,1.5863697528839111,769.8235382159259,7.110700290078271,783.3163570304788,747.2228640817586,100.0,3.2891040348562917,0.1,0.019261598587036133,0.283719539642334,0.029038187,0.014964205,769.7494181094298,-0.007620072088788691,7.691546594577879,100.0,9600,1.608543872833252,0.0001425023667389501,0.0001426990798793609,783.3389168943671,100.0
169,1.609905481338501,770.3691574874168,7.440711679986781,783.3225504917085,747.1796048559715,100.0,4.084806690387771,0.1,0.013377904891967773,0.29155635833740234,0.04149709,0.01583722,769.8113920472285,-0.007581369496777113,7.6970019638365565,100.0,9600,1.5983262062072754,0.0001571056827154678,0.00015887907971735073,783.3868943147045,100.0
170,1.58298921585083,770.4130431914588,8.522392080949556,783.2922810579108,739.1502896061829,100.0,3.925257584067718,0.1,0.01360011100769043,0.2847132682800293,0.03906157,0.015565776,769.8715571616516,-0.007557898791158059,7.697442101208843,100.0,9600,1.4729416370391846,0.00017491552422884056,0.00017056216578070557,783.3527567604314,100.0
171,1.5849316120147705,770.8285187833002,8.593277038149923,783.2930633738561,747.1834409722521,100.0,3.8490767592447117,0.1,0.012875080108642578,0.3313140869140625,0.0460641,0.020204699,769.9672533238165,-0.0075690775553878585,7.701597589111279,100.0,9600,1.8850030899047852,0.0001802328892042738,0.0001816696046005262,783.3557437124487,100.0
172,1.569054365158081,769.4903921687243,8.906395950930534,783.2918504435224,743.1945673973192,100.0,4.202343742525774,0.1,0.012948751449584961,0.2821540832519531,0.045747593,0.019163117,769.9195672083073,-0.00761932366938502,7.688214009663949,100.0,9600,1.6796514987945557,0.00021266151122290155,0.00020924936627434338,783.382149273443,100.0
173,1.6059751510620117,770.62021196222,7.749732439495643,783.3134130305133,751.205052684211,100.0,4.066543549297036,0.1,0.009376049041748047,0.3130624294281006,0.042166404,0.017813373,769.9896316836986,-0.007570652841110377,7.699512680492223,100.0,9600,2.0953550338745117,0.00018468488686218003,0.00014931990373296804,783.3828833993526,100.0
174,1.7757103443145752,769.9536120591016,7.7075611930196555,783.2681922542868,751.1820023408551,100.0,3.6691296030884404,0.1,0.011774301528930664,0.26058316230773926,0.03421732,0.016656162,769.9860297212389,-0.007569072284812777,7.692847594381855,100.0,9600,1.4306941032409668,0.00015827007259400084,0.00015803091096840426,783.3329133369821,100.0
175,1.604684829711914,771.5829799399839,7.242912702531009,783.3195928434071,751.2010888034741,100.0,3.8316355974528657,0.1,0.011857748031616211,0.13234257698059082,0.041451246,0.01865669,770.1457247431134,-0.007524678558856384,7.70914198810781,100.0,9600,1.7512528896331787,0.00013153449622813746,0.00013349111455496538,783.3710254500523,100.0
176,1.6111595630645752,770.454455350807,7.752970175814441,783.3045577431493,743.196184058993,100.0,3.1155699405995265,0.1,0.011722564697265625,0.2966334819793701,0.04318702,0.025268612,770.1765978038828,-0.007561804693744627,7.697854861972922,100.0,9600,1.7957115173339844,0.0001844212839605479,0.0001631249454466463,783.3055269103435,100.0
177,1.5978307723999023,770.6221484743222,8.189564362404656,783.3148375655738,747.1488517997799,100.0,4.173906173465923,0.1,0.012764215469360352,0.32488059997558594,0.040336266,0.018557765,770.2211528709267,-0.007550693246550856,7.699532640086782,100.0,9600,1.861393928527832,0.00018178816795093956,0.00018179997276034099,783.3799549359486,100.0
178,1.58119797706604,770.5840136278339,7.379841924332279,783.328974639729,747.1669376783831,100.0,3.4832667990743373,0.1,0.010675191879272461,0.2644362449645996,0.036248583,0.015989505,770.2574389466174,-0.007513328893379473,7.699986671106621,100.0,9600,1.5587055683135986,0.0001642224218397932,0.00017518153641932555,783.339473320822,100.0
179,1.580089807510376,771.4174338105704,6.764594979845319,783.3064951411377,747.1912012165577,100.0,3.5512051906016584,0.1,0.013063192367553711,0.261568546295166,0.042775925,0.022539316,770.3734384330128,-0.007516175934297066,7.707483824065702,100.0,9600,2.1227474212646484,0.00016120858354651035,0.00013320245732377414,783.3965863726343,100.0
180,1.5909843444824219,769.2870841758391,7.087276052531193,783.3035902418776,747.2120981284613,100.0,3.389571921952373,0.1,0.01171731948852539,0.2937920093536377,0.03820157,0.019386074,770.2648030072954,-0.007568207708802154,7.686181792291197,100.0,9600,1.6445069313049316,0.00015530268302108485,0.0001491853114167856,783.3686583650411,100.0
181,1.5711171627044678,771.7956849717199,7.266207716855325,783.3083951234339,743.1445878530877,100.0,3.3116126801195898,0.1,0.011904239654541016,0.28057432174682617,0.03735656,0.020083927,770.4178912037379,-0.007481371631106339,7.711268628368894,100.0,9600,1.8322739601135254,0.00012951759619105876,0.0001248587603262291,783.4025751478789,100.0
182,1.7341184616088867,772.4231281698709,6.965230494103966,783.3229258150956,751.2283477237889,100.0,3.7213213492653057,0.1,0.013028860092163086,0.34095335006713867,0.040608585,0.017819636,770.6184149003512,-0.007457225503419487,7.717542774496581,100.0,9600,1.7486591339111328,0.00012108255213310241,0.0001209664707935555,783.3731457284161,100.0
183,1.5759949684143066,770.2898939714596,8.302633435968778,783.3108946226128,747.1831735772624,100.0,3.6098714071940745,0.1,0.010881185531616211,0.25345468521118164,0.034447268,0.016957484,770.5855628074621,-0.007540665110142616,7.696209334889858,100.0,9600,1.9751644134521484,0.00018505388069092553,0.00017371125512488642,783.3719340767592,100.0
184,1.621934175491333,770.8346080624036,7.096241759331256,783.3159990221549,755.2118511563216,100.0,3.3666024881373375,0.1,0.011798620223999023,0.29206371307373047,0.04206514,0.02239718,770.6104673329563,-0.007509957383374293,7.701656709283292,100.0,9600,1.5298795700073242,0.00014388660160258082,0.00014997307819083735,783.3710688673851,100.0
185,1.5934512615203857,772.0855658449494,7.406860560074243,783.2980112676805,743.1848726766909,100.0,3.8891196180258523,0.1,0.012848138809204102,0.318403959274292,0.036620446,0.017549993,770.7579771841556,-0.007500729097195025,7.714165937569471,100.0,9600,1.8598806858062744,0.00014653778097941823,0.00015576228174025162,783.3710486632378,100.0
186,1.5695245265960693,771.751920131831,6.90398164728037,783.2592461090389,747.1591700621295,100.0,3.5315622979934607,0.1,0.012946844100952148,0.30188560485839844,0.042684447,0.020855261,770.8573714789231,-0.007503933216561602,7.711246066783438,100.0,9600,1.6166768074035645,0.0001319735828760153,0.00011440252780754753,783.358585676671,100.0
187,1.821814775466919,770.4973915864788,7.704070347774997,783.3096800536345,751.1420605507361,100.0,3.8459655475331314,0.1,0.01342153549194336,0.29808521270751953,0.047846816,0.024300588,770.8213734896788,-0.0075489768845316135,7.698284356448801,100.0,9600,1.858560562133789,0.0001579846500068625,0.0001579459703161361,783.371828069465,100.0
188,1.5564637184143066,770.7059425605444,8.520234388234114,783.3176245777322,743.1302843747228,100.0,4.18449774007639,0.1,0.015948057174682617,0.30649900436401367,0.033038367,0.013286481,770.8098303967654,-0.007546877379107426,7.700369789287559,100.0,9600,1.6136925220489502,0.00019921022064039345,0.0002005296816768306,783.3404702350967,100.0
189,1.6317579746246338,771.2928331924342,7.510099828126063,783.3245046511447,751.170230831912,100.0,4.155309522754483,0.1,0.011744499206542969,0.28221845626831055,0.040899117,0.017515177,770.8581306763323,-0.0075107413329743855,7.706239258667026,100.0,9600,1.6323695182800293,0.00015870836379953067,0.00014835409205599684,783.3681741285736,100.0
190,1.5819475650787354,771.4181354820054,7.22740372676526,783.3113771732565,751.1471161921834,100.0,3.509070277029223,0.1,0.01300501823425293,0.3157968521118164,0.039023563,0.018829452,770.9141311568995,-0.007507991206604575,7.707908675460062,100.0,9600,2.07110333442688,0.0001456724565605731,0.00014456253384950983,783.339465823748,100.0
191,1.608436107635498,771.6721911625085,7.051695441876433,783.2950180654964,751.1727899770417,100.0,3.954209506804858,0.1,0.011807918548583984,0.3119974136352539,0.0451214,0.020321108,770.9899371574604,-0.007466095133526696,7.710033904866473,100.0,9600,2.153560161590576,0.0001356833171850568,0.00013194446950687378,783.372253177559,100.0
192,1.5785894393920898,771.9152640095112,7.558981639447538,783.299205553857,743.1514262574298,100.0,4.320090077919146,0.1,0.011813163757324219,0.3114008903503418,0.046349145,0.019534687,771.0824698426655,-0.0075366198932592145,7.71246338010674,100.0,9600,1.955589771270752,0.0001440505268128489,0.00014003897453745623,783.4087049640106,100.0
193,1.562420129776001,770.7947871619261,8.203416865926313,783.3017605252658,747.1677327904061,100.0,4.095390855911906,0.1,0.013015031814575195,0.3046457767486572,0.04697419,0.0213222,771.0537015745916,-0.0074912054747237914,7.701258794525277,100.0,9600,1.9354686737060547,0.00018154818567608203,0.00017701629210547392,783.3850202391624,100.0
194,1.6229593753814697,771.8287770441307,7.97632786586551,783.2953833623887,751.1671483280584,100.0,4.036541013264074,0.1,0.011965751647949219,0.2817866802215576,0.040216003,0.016354563,771.1312091215456,-0.007568187839561549,7.711598478827104,100.0,9600,1.7589495182037354,0.00015587943772607784,0.000156308344249747,783.388446615497,100.0
195,1.5547995567321777,770.9971124530581,7.513381072936486,783.3005930813993,747.1849706486761,100.0,3.9028622417353924,0.1,0.012971878051757812,0.30013537406921387,0.04522371,0.021625817,771.1177994546969,-0.007550079866096217,7.70411658680057,100.0,9600,1.7690503597259521,0.00014663544051996314,0.0001586761110940743,783.4028108173272,100.0
196,1.6549334526062012,770.8734009346476,7.550784177001569,783.3366542179217,751.2189245486131,100.0,3.778160831500966,0.1,0.011762142181396484,0.2940652370452881,0.033812072,0.013610529,771.0933596026919,-0.007539210557165219,7.702044122776168,100.0,9600,1.7617988586425781,0.00017873479251688702,0.0001698775774049554,783.3626026632288,100.0
197,1.7079386711120605,772.16839537219,7.667981323020991,783.3278540943816,739.1000540998073,100.0,3.99872638045237,0.1,0.011893987655639648,0.30028772354125977,0.038229898,0.01732371,771.2008631796417,-0.007502937318469846,7.715830396014863,100.0,9600,1.5875277519226074,0.00015855596491703506,0.00015968429160257076,783.3620469651354,100.0
198,1.5987422466278076,770.5378647718371,6.924432946137712,783.2799050698794,755.1264127645204,100.0,3.9007450764547746,0.1,0.011830329895019531,0.3026857376098633,0.034127183,0.01303205,771.1345633388613,-0.0075603189576247615,7.699106347709043,100.0,9600,1.6502676010131836,0.00013893940148445414,0.00012391291611568424,783.3633768902635,100.0
199,1.560823917388916,772.5431677505849,7.329071997287459,783.2991991280335,747.1968419372279,100.0,4.530518662325015,0.1,0.013237714767456055,0.30176830291748047,0.046298873,0.017989023,771.2754237800336,-0.0075065498881493045,7.719160116778517,100.0,9600,1.8514316082000732,0.00015499117414859587,0.00014508127313082644,783.3465536276557,100.0
200,1.5868711471557617,771.6673722918287,7.420083960598941,783.3158723424236,747.213637745824,100.0,4.0334156840646,0.1,0.011876583099365234,0.28704380989074707,0.03856792,0.015582428,771.3146186312132,-0.007514879022947833,7.709985120977052,100.0,9600,1.6022295951843262,0.00014767302945088015,0.00014828615700556404,783.3718391903424,100.0
201,1.5786793231964111,771.083713176275,7.499670984947028,783.2906158647786,747.1479304076407,100.0,3.8038065904597307,0.1,0.013102054595947266,0.30686497688293457,0.0400888,0.017229373,771.2915280857194,-0.007518330366482297,7.704148336300185,100.0,9600,1.7681248188018799,0.00015053023667541962,0.00015231121062705817,783.366584934806,100.0
202,1.6282963752746582,771.8329064862095,7.847801656149579,783.2976656008357,751.2174294453224,100.0,4.368103266395691,0.1,0.012833118438720703,0.2979159355163574,0.044134192,0.017079324,771.3456659257685,-0.007526571816245352,7.711640094850421,100.0,9600,1.6913714408874512,0.00017443905366440452,0.00017590741794684564,783.376579434349,100.0
203,1.57395601272583,771.2845308876358,7.600347308656463,783.2868164248139,747.1867132488746,100.0,3.670383261067244,0.1,0.01291656494140625,0.27687501907348633,0.043645263,0.019927004,771.3395524219552,-0.007592610879305968,7.706574055787361,100.0,9600,1.7338995933532715,0.00015290418843645748,0.00016370959325834192,783.3857624386567,100.0
204,1.7241623401641846,771.6677664635557,6.978535416269283,783.3231010476545,755.1888449737806,100.0,4.039537480411738,0.1,0.011788129806518555,0.3252546787261963,0.04451542,0.018312898,771.3723738261153,-0.0075109581243240275,7.710405708542343,100.0,9600,1.8282687664031982,0.00016399712978118827,0.00013788604956543608,783.386411145975,100.0
205,1.5787239074707031,770.1277985985411,7.880951969311752,783.314158224952,747.2175432608432,100.0,4.037928958904628,0.1,0.014572381973266602,0.2870666980743408,0.03749702,0.0152424155,771.2479163033579,-0.007494726018462873,7.694588607314871,100.0,9600,1.6390819549560547,0.00017368226511985923,0.00019061770590574596,783.3803836427415,100.0
206,1.5502302646636963,772.838743463962,7.325804395190844,783.3155608511917,751.1908575538421,100.0,3.518202844696504,0.1,0.012918472290039062,0.2885255813598633,0.033071112,0.017795146,771.4069990194184,-0.007467461301055082,7.721699205365611,100.0,9600,1.976966142654419,0.00014961735001462644,0.00013683475897553394,783.3824565712118,100.0
207,1.603187084197998,772.9226297205447,6.816117231881988,783.3279330519482,751.1702778214149,100.0,3.8613354551612318,0.1,0.012865781784057617,0.27291440963745117,0.04484189,0.019649295,771.558562089531,-0.007462851685077237,7.722537148314923,100.0,9600,1.5865910053253174,0.00012849074767884886,0.0001292347337325396,783.390830847569,100.0
208,1.6026601791381836,771.131390406078,7.512450509434428,783.3292125241322,747.2072713240333,100.0,2.987874808186673,0.1,0.009897947311401367,0.3205430507659912,0.031767115,0.017793868,771.5158449211858,-0.007458860276447978,7.704624473056885,100.0,9600,1.5734333992004395,0.0001482305217660939,0.00015685213766973455,783.3634223656242,100.0
209,1.562103509902954,773.2606962216797,7.49893437192202,783.3219240087202,747.2044069877371,100.0,3.734557248299365,0.1,0.011901378631591797,0.27471089363098145,0.038112246,0.017906757,771.6903300512353,-0.007416361326479601,7.7259169720068535,100.0,9600,2.019552230834961,0.00015014583613263838,0.00015254183580611818,783.3525378854066,100.0
210,1.5805950164794922,771.7942358489087,7.582013525131027,783.3404292698947,747.1312255330226,100.0,4.005412607462564,0.1,0.012818098068237305,0.3407273292541504,0.034868754,0.014776275,771.7007206310026,-0.007496093615041793,7.711670573051625,100.0,9600,1.6333932876586914,0.000160310190788847,0.00016058977299812047,783.3435642135412,100.0
211,1.5588507652282715,772.3423593746988,7.85806744436554,783.3127958162312,751.1881941072941,100.0,3.9985115793338664,0.1,0.01296544075012207,0.27609848976135254,0.04266921,0.019320233,771.7648845053722,-0.007430909915621488,7.716735756751045,100.0,9600,1.627673625946045,0.00015458041579513845,0.0001550938109921464,783.3794904211364,100.0
212,1.7047615051269531,772.9221509781261,6.955481360820546,783.3231418250756,755.1941830308167,100.0,3.45405930599831,0.1,0.012758493423461914,0.30135297775268555,0.04085852,0.018572334,771.8806111526475,-0.007466930231235722,7.722533069768765,100.0,9600,1.49784517288208,0.0001410308706182781,0.0001241324229267927,783.2843485417243,100.0
213,1.564873456954956,770.4191471440649,7.063350763058963,783.3158329769425,751.1910455093938,100.0,3.5443307432110434,0.1,0.015946626663208008,0.3411722183227539,0.04379859,0.022627609,771.7344647517892,-0.007497048079816561,7.6975029519201845,100.0,9600,1.7663862705230713,0.00017614578303586895,0.0001600511930249602,783.363189338489,100.0
214,1.5876758098602295,773.633943632527,6.56286697373703,783.3353692049537,747.1986313350108,100.0,4.375010997660497,0.1,0.01180410385131836,0.31482410430908203,0.043013442,0.016990501,771.924412639863,-0.007433060337860282,7.729650272995474,100.0,9600,1.9350297451019287,0.0001748265852846412,0.00011959121899988383,783.3614045883752,100.0
215,1.590989351272583,772.3399889247988,7.907834325001295,783.3418846394309,743.1991231135585,100.0,4.251800426538188,0.1,0.012868642807006836,0.2963087558746338,0.043867443,0.016688945,771.9659702683566,-0.0074550208212631865,7.717128312512069,100.0,9600,1.8408145904541016,0.00014957799583506311,0.00015552261760872423,783.3122283455475,100.0
216,1.5871660709381104,773.5947114325487,6.330166053512131,783.3291839037338,755.2283057008741,100.0,3.3480643208624183,0.1,0.01180577278137207,0.306537389755249,0.038642008,0.019156262,772.1288443847758,-0.007409139791693824,7.729257526874972,100.0,9600,1.8698465824127197,0.00011905307036882677,0.00011810653739433506,783.3658980874862,100.0
217,1.562736988067627,774.0102600740014,6.056660001900306,783.3054082634327,759.1896468860571,100.0,4.21806368788842,0.1,0.011665821075439453,0.28602099418640137,0.041382916,0.017556105,772.3169859536983,-0.007420688815308864,7.733412644518023,100.0,9600,1.6885020732879639,0.0001458868384989218,0.00012136580370076978,783.3883709051854,100.0
218,1.5966534614562988,772.2646315087522,7.873289507140939,783.3358988216706,755.2118786317656,100.0,3.1615846467124435,0.1,0.00819540023803711,0.2763025760650635,0.03749692,0.020098183,772.3117505092038,-0.007375321038048874,7.715958012295284,100.0,9600,1.6781108379364014,0.00016665513744405135,0.0001666079841260234,783.3105163382049,100.0
219,1.7258756160736084,774.0989027042568,6.54273913559963,783.350861446673,755.2720275362941,100.0,4.669486785354658,0.1,0.012943267822265625,0.2812204360961914,0.03959458,0.014956028,772.4904657287091,-0.007365414631398381,7.7343012520352685,100.0,9600,1.9066998958587646,0.0001171638179439537,0.00011598873070525138,783.3487840633858,100.0
220,1.5632247924804688,773.5647253047358,7.740222226659395,783.3571020959558,755.1962079039419,100.0,3.2948160525586805,0.1,0.013062238693237305,0.3294844627380371,0.03733017,0.018669836,772.5978916863119,-0.007292984644675146,7.728957015355324,100.0,9600,1.7869436740875244,0.00014767616282484948,0.00014795467301082987,783.4328856576163,100.0
221,1.5984947681427002,773.093294637804,7.380140378061804,783.3051452557286,743.2189632860068,100.0,4.614614454656617,0.1,0.01230478286743164,0.3280344009399414,0.038519327,0.015224437,772.6474319814611,-0.007423171648849811,7.7242434950178165,100.0,9600,1.6277756690979004,0.00015613705557386995,0.0001625405910938442,783.3819449327643,100.0
222,1.5670671463012695,774.3075520204844,6.2084525463484495,783.3357691315413,755.1595160732799,100.0,4.037315475571859,0.1,0.012962818145751953,0.29729199409484863,0.032619458,0.012038339,772.8134439853634,-0.00736278818253707,7.736803878484129,100.0,9600,1.6547820568084717,0.00010986624738531787,0.00010862489054535211,783.3467593620817,100.0
223,1.5811748504638672,774.2286538140406,5.823945990901679,783.3267906350032,759.2217019869458,100.0,3.57806782115363,0.1,0.013035297393798828,0.2916145324707031,0.041068897,0.019421574,772.9549649682311,-0.007318878430059497,7.735597788236608,100.0,9600,1.7151434421539307,9.107486429413362e-05,9.093003581564162e-05,783.3758019642893,100.0
224,1.593529462814331,773.3567081908159,6.946694804424239,783.3757769759262,743.2071132588734,100.0,3.6735938501379626,0.1,0.013026714324951172,0.2987222671508789,0.037937913,0.016770044,772.9951392904895,-0.0072871975014552025,7.727296135831878,100.0,9600,1.5927636623382568,0.00011871049855518973,0.00013120018550148181,783.3536323828462,100.0
225,1.5956590175628662,775.2773567794529,6.316788071975074,783.3179964335189,755.2095652157018,100.0,4.129167844699724,0.1,0.011903524398803711,0.2807433605194092,0.041131668,0.015595528,773.223361039386,-0.007250009717840703,7.746083323615493,100.0,9600,1.6678142547607422,0.00014141645385856174,0.00011122535904189895,783.376765292439,100.0
226,1.7041397094726562,775.2353367087343,6.060040711464865,783.3625273544858,755.2391584082353,100.0,3.5274310023338256,0.1,0.012284517288208008,0.2869851589202881,0.04041703,0.018574148,773.4245586063208,-0.007252424899598331,7.745664241767069,100.0,9600,1.7487845420837402,9.601445250864837e-05,9.507693577413389e-05,783.3560423524227,100.0
227,1.713379144668579,773.2308234274888,6.493226404479061,783.3227890080366,755.2345656541981,100.0,3.673172146532924,0.1,0.013983964920043945,0.3316981792449951,0.03341411,0.011641617,773.4051850884376,-0.0072982265111662436,7.7256184401555,100.0,9600,1.9805266857147217,0.00012543013818200417,0.0001194770420717403,783.3894486222964,100.0
228,1.5709383487701416,773.6861230659148,6.931601061311118,783.3451642515444,755.1930137936656,100.0,4.156904111094982,0.1,0.011600255966186523,0.30780887603759766,0.035186768,0.014785998,773.4332788861853,-0.007327082609575743,7.730172917390424,100.0,9600,1.603369951248169,0.0001350215403959116,0.00014096386147560824,783.3836791554406,100.0
229,1.5693106651306152,773.4345744508173,7.317280365128963,783.3275975992557,751.2114151582464,100.0,4.262683716333636,0.1,0.012946844100952148,0.27535486221313477,0.041142598,0.0167868,773.4334084426486,-0.007343872227786615,7.727656127772214,100.0,9600,1.376157522201538,0.00015410663554735275,0.00015353451254068403,783.3867148961209,100.0
230,1.6097848415374756,774.2336208487878,6.5024923696355925,783.3447065529208,759.2175561459903,100.0,3.737341591653534,0.1,0.013146638870239258,0.24410748481750488,0.041679636,0.019017069,773.5134296832625,-0.007269409963156927,7.735647256703508,100.0,9600,1.921677589416504,0.00012427298010738463,0.00012147323667276748,783.399435999086,100.0
231,1.5552582740783691,774.1505249183821,6.413602996160004,783.3383999329905,755.2046883750356,100.0,4.367367799856627,0.1,0.014449834823608398,0.31245899200439453,0.0467094,0.016125862,773.5771392067745,-0.007267464945024689,7.734815868388309,100.0,9600,2.1905651092529297,0.00013269025424937818,0.00012451292213846145,783.405264379112,100.0
232,1.5874905586242676,775.4898243767271,6.661144315928699,783.3251211855633,751.2272624254657,100.0,4.280556172616292,0.1,0.011972665786743164,0.3177614212036133,0.04454721,0.020272993,773.7684077237699,-0.007206068303937547,7.7482105983627285,100.0,9600,1.9809789657592773,0.00011443163473701583,0.00012837311714217016,783.3936886788671,100.0
233,1.6358096599578857,775.0315574900493,6.039427267832689,783.3244167497354,751.2026163282252,100.0,3.65376618470011,0.1,0.011756420135498047,0.3118312358856201,0.04072549,0.017737377,773.8947227003978,-0.007207755819386971,7.743625577513947,100.0,9600,2.2042384147644043,0.00010008828610890837,8.670927356456972e-05,783.4393273480048,100.0
234,1.6682631969451904,773.2319722392017,6.622185362613502,783.3344820236626,751.2193454249282,100.0,3.7295331966472167,0.1,0.011757135391235352,0.295943021774292,0.037139036,0.016353913,773.8284476542782,-0.007286422326225665,7.72563024434044,100.0,9600,1.499542236328125,0.00013085705386269144,0.00012677005664952094,783.3674619014113,100.0
235,1.7139949798583984,774.5306719158662,7.262896057502066,783.3721408211296,751.2294927050402,100.0,4.130381047614257,0.1,0.01626443862915039,0.33551764488220215,0.04660661,0.02084504,773.8986700804371,-0.007215633850377559,7.738617699482956,100.0,9600,1.5890579223632812,0.00011861397979414414,0.00011729637369819394,783.4237003816329,100.0
236,1.6315827369689941,774.6138859559969,5.864589244993654,783.3603563350454,759.243690797224,100.0,3.805584412785887,0.1,0.01182413101196289,0.328838586807251,0.041076697,0.020090744,773.9701916679932,-0.007216300886092715,7.739450365780574,100.0,9600,2.0107247829437256,0.00010322625437856772,0.00010420858974865188,783.4374198764624,100.0
237,1.5996153354644775,775.2891628392564,6.179676010396841,783.3422236690699,759.2239537875201,100.0,3.989977691982962,0.1,0.013077497482299805,0.2686042785644531,0.042980578,0.018776309,774.1020887851196,-0.007131724798008244,7.746201608535325,100.0,9600,1.860630989074707,0.00010777076190562584,9.936869984062638e-05,783.4248839133919,100.0
238,1.5842349529266357,776.5032494312803,5.249117904255793,783.3819018216103,759.2341991999323,100.0,4.127514900944729,0.1,0.012791633605957031,0.3130674362182617,0.03913408,0.01487155,774.3422048497356,-0.007072814492065722,7.7583438521746,100.0,9600,1.8721654415130615,8.372405291689572e-05,8.439943433040622e-05,783.431587701544,100.0
239,1.5694358348846436,775.6655985121346,6.232631629730587,783.3533102757126,747.2586726342247,100.0,3.745030093006814,0.1,0.011786460876464844,0.217543363571167,0.04503949,0.022286061,774.4745442159755,-0.007117075033167793,7.749966258300165,100.0,9600,2.174189567565918,0.00011113012041527716,0.00010909519316341995,783.4407773046146,100.0
240,1.6010041236877441,775.5426317649936,6.287895279010066,783.3722834311842,755.2344633579701,100.0,3.5047600956222227,0.1,0.012883901596069336,0.31748461723327637,0.038903695,0.017916825,774.5813529708773,-0.0070970296728732,7.74873630366046,100.0,9600,1.7107350826263428,0.00010880918335751294,0.00010204372350238318,783.4477963048009,100.0
241,1.5735752582550049,776.8864904765842,5.713551686848017,783.3773449205831,759.268649100857,100.0,4.175662968381727,0.1,0.012897014617919922,0.3006608486175537,0.04599477,0.020773275,774.811866721448,-0.006991562255431228,7.762175104411235,100.0,9600,1.8147928714752197,9.109475830315354e-05,9.22741066491364e-05,783.4502600675798,100.0
242,1.6971185207366943,776.8119136211175,4.9554879834207375,783.3820553821627,763.2635556568628,100.0,4.046262898296744,0.1,0.012931585311889648,0.3142843246459961,0.038886644,0.015758365,775.0118714114151,-0.006902448343130287,7.761847551656871,100.0,9600,1.5529673099517822,7.993746635862602e-05,7.227072284448296e-05,783.4402365380797,100.0
243,1.5742924213409424,777.2180222275202,5.673875255840883,783.3810983555753,755.2350617228063,100.0,4.048714949878934,0.1,0.006292819976806641,0.13858318328857422,0.041593168,0.01809266,775.2324864930256,-0.007009352346358987,7.765490647653642,100.0,9600,1.3286306858062744,6.698357701391165e-05,7.202649558424837e-05,783.4735963504997,100.0
244,1.5646450519561768,777.0581215652754,5.929113321551364,783.405378169121,755.2235670143704,100.0,3.5001446329995396,0.1,0.013059854507446289,0.28620100021362305,0.03831179,0.01859528,775.4150500002506,-0.00694293091108412,7.763890402422248,100.0,9600,1.8222591876983643,8.348564795919053e-05,7.799756292633939e-05,783.4658963025137,100.0
245,1.5420854091644287,776.6810354833087,5.578174886473333,783.368220247576,763.2614615756872,100.0,3.504718399025883,0.1,0.008975982666015625,0.3100752830505371,0.04307518,0.018944457,775.5416485485565,-0.006962133481289891,7.760121199852043,100.0,9600,1.7907218933105469,7.745542613566126e-05,7.941604762347465e-05,783.4460566204284,100.0
246,1.618574619293213,778.5676643248207,4.71783136260173,783.3805823615095,763.2630732610872,100.0,4.419751491311386,0.1,0.013991117477416992,0.28557419776916504,0.04072668,0.017373655,775.8442501261829,-0.006846841377300585,7.778986491956033,100.0,9600,2.069953680038452,6.445733335196618e-05,5.880717350177457e-05,783.4279142302968,100.0
247,1.5807602405548096,777.3948911764991,5.522591632251535,783.3697354317144,759.2000026282237,100.0,4.11427388721817,0.1,0.012845754623413086,0.33060550689697266,0.03664468,0.015379023,775.9993142312146,-0.006905742725547983,7.7672609239411186,100.0,9600,1.7232179641723633,9.500218637574182e-05,7.551237598434266e-05,783.4404698762411,100.0
248,1.5736899375915527,778.1461464911309,5.424923630607987,783.3596751498791,759.2431536144859,100.0,4.3375549571887,0.1,0.011759519577026367,0.2668874263763428,0.043526325,0.018401628,776.2139974572062,-0.006894785640718351,7.7747718810259485,100.0,9600,1.4697997570037842,8.170054479987585e-05,7.784863257831176e-05,783.4379634013721,100.0
249,1.5832717418670654,778.6105200520824,5.612420772379799,783.3668178133182,755.2571743215995,100.0,4.669179830480328,0.1,0.011797189712524414,0.28986501693725586,0.04692424,0.019599916,776.4536497166939,-0.006834911982890508,7.77941508801711,100.0,9600,1.733705997467041,6.27085319285395e-05,7.31279574292378e-05,783.4307866216627,100.0
250,1.632298231124878,778.1886277404382,5.17326614710174,783.3693518860524,763.2903520876423,100.0,3.731873381874772,0.1,0.013077020645141602,0.3045198917388916,0.04378924,0.020228365,776.6271475190684,-0.00688643910144246,7.7751968942318905,100.0,9600,2.043179750442505,7.412866391843318e-05,6.532857821028591e-05,783.4526368804114,100.0
251,1.556523084640503,777.9381006302074,5.10823489436989,783.3863809204818,759.2409467411621,100.0,3.336178266801471,0.1,0.01192474365234375,0.2697923183441162,0.036764506,0.017775765,776.7582428301823,-0.0068920454297221505,7.772691287903612,100.0,9600,1.6530938148498535,7.667989407148632e-05,7.582470996463255e-05,783.4607666431945,100.0
252,1.5945408344268799,778.8577315480943,4.249133183248447,783.3708386317619,763.2527968725211,100.0,4.6523747350951625,0.1,0.013084888458251953,0.3230245113372803,0.047048822,0.01821093,776.9681917019736,-0.006863270933284634,7.7818867290667155,100.0,9600,1.9313092231750488,5.753865975933921e-05,5.6094014524981826e-05,783.46646670526,100.0
253,1.636052131652832,778.4910473984218,5.046799260682909,783.3903993720293,759.2541469082088,100.0,3.2302198106395776,0.1,0.013011932373046875,0.2962830066680908,0.045776226,0.025931997,777.1204772716185,-0.006777580361601935,7.778639086305065,100.0,9600,1.4753763675689697,6.392078828282622e-05,5.791106967679335e-05,783.4472000638725,100.0
254,1.6219291687011719,779.0796961698021,4.12667932016495,783.3898922652854,763.3190794879507,100.0,3.8838966393012306,0.1,0.012789249420166016,0.24715185165405273,0.035872046,0.014171793,777.316399161437,-0.0067273013442182145,7.784106031989116,100.0,9600,1.5256202220916748,4.393031259781194e-05,4.319677848783025e-05,783.4315399258553,100.0
255,1.5745923519134521,778.9536596562745,4.599716118656506,783.400144262018,759.2421619120678,100.0,4.424586243093214,0.1,0.013231277465820312,0.3046905994415283,0.044625673,0.017737098,777.4801252109207,-0.006736356439087648,7.782846976894246,100.0,9600,2.253162145614624,5.4664980168911385e-05,5.366139498541862e-05,783.4205928764994,100.0
256,1.5875158309936523,778.9078427542208,5.228110486984094,783.4064689997422,759.2077913111477,100.0,4.3191590828792945,0.1,0.014189004898071289,0.3175046443939209,0.045447357,0.017968267,777.6228969652508,-0.0067776651467748,7.782389001519892,100.0,9600,1.3497767448425293,6.265707517481491e-05,6.378864525296241e-05,783.4030969273562,100.0
257,1.7050583362579346,778.8662946992996,4.214609099106704,783.3894385385834,767.2850930359808,100.0,4.546705117087635,0.1,0.012975931167602539,0.3269624710083008,0.038913336,0.012925727,777.7472367386557,-0.006776961451432441,7.781973038548568,100.0,9600,2.0024590492248535,4.6027433326706425e-05,4.392383469800804e-05,783.3861131349631,100.0
258,1.5938191413879395,778.8247642401569,5.472455474088371,783.3826224104375,759.2198745545019,100.0,3.170364491370359,0.1,0.011557817459106445,0.30010342597961426,0.04254134,0.017217753,777.8549894888058,-0.00677580212219709,7.781557531211136,100.0,9600,2.0341200828552246,6.40128493701475e-05,6.34019900718263e-05,783.4038114522008,100.0
259,1.6114377975463867,779.7035002661472,4.295662276523125,783.4060495999476,767.2751837464639,100.0,4.153788853213324,0.1,0.012897014617919922,0.2894628047943115,0.0423864,0.018999714,778.03984056654,-0.006738337454623595,7.790344995878709,100.0,9600,2.3543028831481934,4.633027930971467e-05,4.587069250736967e-05,783.4152409393618,100.0
260,1.5594401359558105,779.1643487022171,4.370550973721299,783.3891240918592,763.3008837505929,100.0,3.8916310204843474,0.1,0.012900829315185547,0.30616331100463867,0.047801066,0.021626579,778.1522913801076,-0.006712142040738468,7.784954524625928,100.0,9600,1.5724413394927979,4.9614769779417404e-05,5.122219854241753e-05,783.3972858138569,100.0
261,1.5715606212615967,779.2477556873433,4.329635405737341,783.3914542347934,763.2565948237011,100.0,4.018383126050814,0.1,0.011730432510375977,0.29735374450683594,0.04976861,0.02134449,778.2618378108311,-0.006711537155579175,7.785788462844422,100.0,9600,1.7900843620300293,4.712931726727877e-05,4.686224819631631e-05,783.4482257977813,100.0
262,1.5794146060943604,778.9975096155808,4.549688284540413,783.4066319334926,763.3029185557252,100.0,4.027721225058304,0.1,0.014020681381225586,0.32871174812316895,0.041436546,0.017309554,778.3354049913062,-0.006714665269548785,7.783285334730452,100.0,9600,1.794044017791748,6.019093044825472e-05,6.194641459601548e-05,783.4197895027241,100.0
263,1.5743095874786377,779.9619250781153,3.8106587076084377,783.4008601624521,763.3141432246704,100.0,4.748231345345496,0.1,0.012834310531616211,0.3067917823791504,0.042946983,0.015866714,778.4980569999872,-0.006653719601995331,7.792929613731339,100.0,9600,1.9950196743011475,4.4907778546225185e-05,4.786479701628761e-05,783.4370177169303,100.0
264,1.56638503074646,779.4213327700063,4.557469096538336,783.3952243897811,763.2958334920729,100.0,3.8214701283953887,0.1,0.01208806037902832,0.31227564811706543,0.044120464,0.018446106,778.5903845769891,-0.0066439267750636145,7.787522739891602,100.0,9600,2.0323281288146973,5.097836908252703e-05,4.10488966686057e-05,783.4485719098257,100.0
265,1.7299823760986328,778.8758023208517,5.077162067613054,783.4084157295113,763.2881156942055,100.0,3.9480329006231463,0.1,0.008297920227050781,0.2707808017730713,0.04553863,0.016912317,778.6189263513753,-0.006681217346531442,7.782068782653469,100.0,9600,2.109013319015503,6.0247091811854066e-05,5.909394628054212e-05,783.4541386638404,100.0
266,1.6001574993133545,778.8338705282232,4.752385093464289,783.4013508582957,763.2868485417886,100.0,3.720882157182706,0.1,0.012845277786254883,0.3062281608581543,0.04128249,0.018623373,778.64042076906,-0.006684961516045124,7.781648371817288,100.0,9600,1.6748130321502686,6.132798068482973e-05,6.107274195495398e-05,783.4518471252193,100.0
267,1.584240436553955,779.5478973685308,3.9432593473304967,783.4149734525014,767.3174922151337,100.0,3.7232755445628363,0.1,0.012888908386230469,0.3039252758026123,0.04589098,0.020829078,778.7311684290071,-0.0066269259133462655,7.789206407419987,100.0,9600,1.6806061267852783,3.8730127828114e-05,3.4602905406077394e-05,783.4338759435569,100.0
268,1.566457748413086,779.7538122947457,3.9524145015018908,783.3903195471929,767.2727339805159,100.0,3.627531473058625,0.1,0.013008356094360352,0.2979776859283447,0.040727865,0.017449213,778.833432815581,-0.006650967558913975,7.790849032441085,100.0,9600,1.6065502166748047,3.7136029443910246e-05,3.6788190998857397e-05,783.4458892283162,100.0
269,1.5608563423156738,778.8830473048655,5.331914523877664,783.4078770010908,759.2956272063798,100.0,3.03602661925934,0.1,0.012034416198730469,0.2833740711212158,0.047973905,0.024466442,778.8383942645095,-0.006609004336348238,7.78214099566365,100.0,9600,1.7752938270568848,6.717320465280963e-05,6.717279668255954e-05,783.4135104103401,100.0
270,1.617600440979004,780.1772039240999,3.7070490861954988,783.408247660178,767.327077376633,100.0,3.8494556166171363,0.1,0.015142440795898438,0.2890493869781494,0.045968845,0.021260072,778.9722752304685,-0.006584076172159514,7.7950825904945065,100.0,9600,2.0518455505371094,4.239549255643515e-05,3.7586446023808066e-05,783.4661245646388,100.0
271,1.5611913204193115,779.506250689501,4.370019348704401,783.409416067888,763.2687054144616,100.0,3.2227488486817757,0.1,0.012045860290527344,0.3338890075683594,0.04353059,0.021862403,779.0256727763718,-0.006627421070717177,7.788372578929283,100.0,9600,2.2370409965515137,4.056305253696472e-05,4.0206576995291004e-05,783.4655673370022,100.0
272,1.5724523067474365,780.3896106287939,3.130263386247851,783.4459577332403,771.3546645064065,100.0,3.5657273164783923,0.1,0.014188051223754883,0.30625176429748535,0.045302358,0.019920219,779.162066561614,-0.006541753008251257,7.797208246991748,100.0,9600,1.682307481765747,2.408875990319636e-05,2.4675096309696228e-05,783.4597447907181,100.0
273,1.7043721675872803,779.8800890087292,4.037278552500962,783.4034548758378,767.2664250554815,100.0,3.884619399647601,0.1,0.011820554733276367,0.3346726894378662,0.046165235,0.01899291,779.2338688063255,-0.0066394704069788766,7.792110529593021,100.0,9600,1.884603500366211,4.258573763323629e-05,4.2409895659141234e-05,783.42238911233,100.0
274,1.594332218170166,779.5087306404943,3.7477859469797457,783.3922893300788,767.297046958444,100.0,4.188491998297855,0.1,0.015028953552246094,0.34514784812927246,0.036314715,0.018052176,779.2613549897425,-0.006601628991260211,7.78839837100874,100.0,9600,2.0245423316955566,3.5491131813088984e-05,3.7301339124240504e-05,783.4408200504181,100.0
275,1.5953311920166016,779.5902500744892,4.2067909386893945,783.4216101384135,767.3103463453251,100.0,4.453319049365853,0.1,0.011912345886230469,0.3122434616088867,0.047927666,0.02375317,779.2942444982173,-0.0066211137895820366,7.789212219543752,100.0,9600,1.7582361698150635,4.555062652686728e-05,4.700427993590877e-05,783.4668633637748,100.0
276,1.601942777633667,779.8000859716191,4.441740630278507,783.4148515935813,755.2956841142721,100.0,3.928714472520152,0.1,0.011876583099365234,0.265913724899292,0.04564308,0.019604377,779.3448286455575,-0.00660652637874836,7.791310140287917,100.0,9600,1.7637083530426025,5.4715064739087735e-05,5.073751509018887e-05,783.4748292204671,100.0
277,1.6137328147888184,779.2543520980097,4.482974664310939,783.4027476133824,763.2514901845609,100.0,4.512111796816931,0.1,0.012852668762207031,0.3062436580657959,0.04499674,0.018395187,779.3357809908027,-0.00664691083698771,7.785853089163012,100.0,9600,1.8412165641784668,4.4520543011733655e-05,4.463728746421318e-05,783.45135161006,100.0
278,1.626265287399292,779.4202414939328,4.093616395077451,783.3989174927781,767.3334784974126,100.0,3.6867907053049263,0.1,0.011808156967163086,0.24315309524536133,0.047475338,0.023876442,779.3442270411158,-0.006653623528035454,7.787513043138631,100.0,9600,1.363569736480713,4.4776523010698816e-05,4.4163589644342444e-05,783.4415513246298,100.0
279,1.5720996856689453,779.2120534831962,4.036915147833171,783.3989961361395,771.2648965406001,100.0,4.618236878638929,0.1,0.013005971908569336,0.1943645477294922,0.044448704,0.016338164,779.3310096853239,-0.006652891435360975,7.785430441897972,100.0,9600,1.640782117843628,4.398091554052637e-05,4.2599461140733126e-05,783.4235579530845,100.0
280,1.5746431350708008,780.0461634610066,3.964356032944861,783.3953428504288,767.2807203702454,100.0,4.14543367910341,0.1,0.012952804565429688,0.31090450286865234,0.042597372,0.018327085,779.4025250628922,-0.006644817933737268,7.79377184873293,100.0,9600,1.9304234981536865,4.093908578795489e-05,3.7856594300926584e-05,783.4653691065907,100.0
281,1.7329199314117432,779.0477802475226,4.104115935842993,783.3823504053718,767.2572914861579,100.0,3.9052454741770273,0.1,0.013023138046264648,0.2975645065307617,0.0466412,0.020103214,779.3670505813552,-0.006628316542763894,7.783788350123903,100.0,9600,1.5816466808319092,4.611797443153774e-05,4.602106102697089e-05,783.4614274529742,100.0
282,1.5541481971740723,778.6760488028763,4.72509685153557,783.397714110087,763.3071972636666,100.0,3.473334318995534,0.1,0.013010263442993164,0.3084137439727783,0.041737452,0.018524718,779.2979504035073,-0.006596248632174044,7.7800704180344935,100.0,9600,1.850231409072876,5.3666565228308884e-05,7.366844004724086e-05,783.4644360349848,100.0
283,1.5809478759765625,779.8007049773805,3.9635190787373573,783.4213557540925,767.291902796317,100.0,3.9859499808938796,0.1,0.011939764022827148,0.30533313751220703,0.04775133,0.018114831,779.3482258608947,-0.006599616653897311,7.791317050012769,100.0,9600,1.6215791702270508,5.6112193136190344e-05,4.33857907577307e-05,783.4640800478991,100.0
284,1.565911054611206,779.3861910386436,4.354428010937424,783.4214845287457,763.2891774573865,100.0,4.117349608516254,0.1,0.012840032577514648,0.313035249710083,0.040235225,0.016185286,779.3520223786695,-0.006578007593432369,7.787171992406567,100.0,9600,1.7633705139160156,4.650498839222914e-05,4.8328951465912326e-05,783.4590113880926,100.0
285,1.5824387073516846,778.8815884384288,4.6267413882430395,783.4115400234283,763.3257645104898,100.0,3.3316687925849306,0.1,0.013008832931518555,0.26965832710266113,0.043869305,0.020418257,779.3049789846455,-0.006624887372917274,7.7821251126270825,100.0,9600,1.9768311977386475,4.8751428913512605e-05,4.700331100415628e-05,783.4327020689066,100.0
286,1.5816318988800049,779.2168209232003,4.758738324144403,783.3970088371057,763.2874663404317,100.0,3.623425354860944,0.1,0.012816667556762695,0.30547571182250977,0.03960225,0.020464199,779.2961631785009,-0.006606180376480947,7.785477152956852,100.0,9600,1.5448038578033447,5.363681937537766e-05,5.172146417433066e-05,783.4257382343736,100.0
287,1.5671143531799316,779.2628570898005,4.128643443140621,783.4016735596663,767.3032190405522,100.0,3.7049304850189224,0.1,0.006173372268676758,0.13082098960876465,0.047100812,0.020929946,779.292832569631,-0.006562182911056549,7.785937817088943,100.0,9600,1.5707764625549316,4.289333576103572e-05,4.424316097059324e-05,783.4398206623143,100.0
288,1.7497265338897705,779.6402148258334,3.761578884979013,783.3976389079047,763.3458932727169,100.0,3.2222252687985877,0.1,0.0164492130279541,0.29688405990600586,0.04375632,0.016005557,779.3275707952512,-0.006539625091059269,7.78971037490894,100.0,9600,1.6464903354644775,2.7658067725004328e-05,2.745995529528403e-05,783.4016680821038,100.0
289,1.5898628234863281,780.7645367786814,2.9531217144551944,783.3947622232432,771.2909478728458,100.0,3.6114107867926823,0.1,0.0074329376220703125,0.31740355491638184,0.04332782,0.022156855,779.4712673935942,-0.00654472680508805,7.800955273194912,100.0,9600,1.6198890209197998,2.3545665453820234e-05,2.3207020023094602e-05,783.4370019016916,100.0
290,1.5560169219970703,779.7205064326494,4.848798450870045,783.4330686623897,759.2901692322614,100.0,3.760670394431861,0.1,0.012918472290039062,0.27315425872802734,0.03840946,0.017179199,779.4961912974998,-0.006567138005626312,7.790516195327707,100.0,9600,1.9226722717285156,5.393174543785346e-05,5.5943522949591965e-05,783.4662315607579,100.0
291,1.5589444637298584,779.930921680571,4.091945574934068,783.3915700551721,767.2820067702961,100.0,3.7861985716628537,0.1,0.01276540756225586,0.28983139991760254,0.044091564,0.016680665,779.539664335807,-0.006546329140115037,7.792620337526553,100.0,9600,1.5033690929412842,4.088271836876295e-05,3.920851439323662e-05,783.4322106392799,100.0
292,1.5842339992523193,779.1343407534378,3.9833535122473998,783.4094753333102,767.3285919698833,100.0,4.306768581301694,0.1,0.021193742752075195,0.27673935890197754,0.044076264,0.01723608,779.49913197757,-0.0065968739712488995,7.784653126028753,100.0,9600,1.7854413986206055,3.881343065431223e-05,4.0903017072349954e-05,779.4016206514486,100.0
293,1.6002857685089111,779.0067333995994,4.161333318786524,783.4119303453278,763.3384124974167,100.0,3.7069194421005816,0.1,0.011918306350708008,0.27439308166503906,0.04381995,0.018808845,779.449892119773,-0.006623947786806988,7.7833760522131925,100.0,9600,1.8319346904754639,4.125566584552517e-05,3.5969571779834506e-05,783.4669861907417,100.0
294,1.5866327285766602,779.4648434761581,4.466654462274845,783.4145949681221,759.28572016968,100.0,3.6446574331820027,0.1,0.012851715087890625,0.3285529613494873,0.042677812,0.021091959,779.4513872554116,-0.0066245774410454185,7.787958755892288,100.0,9600,1.9248275756835938,4.4823369737068335e-05,4.859427825040554e-05,783.4443460290853,100.0
295,1.6971309185028076,780.8064907192323,3.4332455608285963,783.3995339454125,767.3206576075212,100.0,3.726738538011549,0.1,0.012928247451782227,0.3007822036743164,0.048996672,0.018355643,779.5868976017937,-0.006542957290284239,7.801373709376382,100.0,9600,1.8389174938201904,2.822620155786255e-05,2.681448428791395e-05,783.4536286995839,100.0
296,1.7203576564788818,779.5958460164284,4.511382261249255,783.4204696537198,759.2860692915644,100.0,3.81342808129333,0.1,0.013082742691040039,0.31632447242736816,0.04390784,0.021369366,779.5877924432572,-0.006565337147248425,7.7892679961860845,100.0,9600,1.5813441276550293,4.123974522798386e-05,4.1011079879709215e-05,783.4491642334516,100.0
297,1.5806550979614258,779.923701948212,3.837561373165841,783.3958142718737,767.2904044695164,100.0,3.4311865063621863,0.1,0.010344505310058594,0.33144426345825195,0.043399367,0.018613715,779.6213833937527,-0.006618763326450836,7.792547903340217,100.0,9600,1.6956627368927002,3.722465152705772e-05,3.7622780652153475e-05,783.4550488987836,100.0
298,1.6084659099578857,779.9252593647429,3.8379376784501904,783.4040818798613,767.3279295701388,100.0,4.546536399363763,0.1,0.013004064559936523,0.27655601501464844,0.039618205,0.016779982,779.6517709908518,-0.0066023401625787724,7.792564326504088,100.0,9600,1.7307231426239014,4.0328785372910177e-05,3.962938421780003e-05,783.4126583612203,100.0
299,1.5587880611419678,778.7945243420314,4.391377117675535,783.4132025286109,763.2912526645013,100.0,3.70617391903404,0.1,0.012862205505371094,0.31186366081237793,0.045567457,0.021706928,779.5660463259698,-0.006660931809361871,7.781255734857306,100.0,9600,1.8814606666564941,4.424887511898533e-05,4.237976774116447e-05,783.4361846735865,100.0
300,1.568878173828125,780.2549404484749,3.771376370513102,783.4030358058968,771.2799531432876,100.0,3.538222306255845,0.1,0.011816740036010742,0.2725703716278076,0.0401347,0.034702204,779.6349357382203,-0.00664037898675706,7.795859621013243,100.0,9600,1.6932282447814941,3.1941111443603516e-05,3.0436554003801596e-05,783.429953023455,100.0
301,1.5715131759643555,779.8796698447986,3.953443305052202,783.4039079722394,771.2812289882322,100.0,3.3165920552338344,0.1,0.007936239242553711,0.2945108413696289,0.0427811,0.020023506,779.6594091488781,-0.0066440465463932265,7.792105953453607,100.0,9600,2.0924551486968994,3.66179685402637e-05,3.810585051173157e-05,783.4371515452304,100.0
302,1.6707196235656738,779.8797267283525,4.546624060868127,783.3995948565736,755.2633837113017,100.0,3.781364140598391,0.1,0.01301884651184082,0.2861931324005127,0.036892824,0.0117969075,779.6814409068255,-0.006642250114893242,7.7921077498851075,100.0,9600,1.778557300567627,4.015506181550085e-05,3.8138295634021535e-05,783.4372090875612,100.0
303,1.7529854774475098,779.7581354796444,3.5438364221602026,783.4016297087561,767.3134285041004,100.0,3.9225384850144653,0.1,0.012882471084594727,0.25138115882873535,0.04009224,0.017647326,779.6891103641074,-0.006608920533634874,7.790891079466365,100.0,9600,1.9693965911865234,3.911736622358067e-05,3.741095213759876e-05,783.4827394534719,100.0
304,1.5637741088867188,780.6768469906061,3.2590551275780273,783.4058431268445,771.3217002616811,100.0,3.9833693668039114,0.1,0.011817216873168945,0.31141042709350586,0.044932667,0.021401795,779.7878840267572,-0.0065878128431456654,7.800078853823521,100.0,9600,1.8460698127746582,3.000888297546401e-05,2.5008297586670446e-05,783.4072071260933,100.0
305,1.5806212425231934,779.8054605790844,4.518834279015975,783.4201071723228,759.2506227999144,100.0,3.8820927960179965,0.1,0.011786937713623047,0.32274889945983887,0.035323974,0.016632654,779.7896416819899,-0.0065526320671554505,7.791364034599511,100.0,9600,1.7361586093902588,5.1491757325793825e-05,5.222679398411144e-05,783.4076575199631,100.0
306,1.567969560623169,779.0865197782996,4.473779131717524,783.3953031086799,763.3254701381268,100.0,4.225755536565764,0.1,0.011818408966064453,0.31018519401550293,0.04286083,0.015382325,779.7193294916209,-0.006657423516215729,7.784175909817118,100.0,9600,1.620713710784912,4.505387997844236e-05,4.433265936095939e-05,783.4214879051552,100.0
307,1.5480899810791016,780.3428475244156,3.4257164376214013,783.4089905848801,763.2748590480553,100.0,4.770206323175165,0.1,0.012058019638061523,0.3222777843475342,0.0411944,0.013182886,779.7816812949003,-0.006594160184259124,7.796739173149073,100.0,9600,1.6673579216003418,3.24716762082885e-05,3.392961722124669e-05,783.4437212964533,100.0
308,1.5890583992004395,779.6308720856017,3.9764086399247094,783.4017175080672,767.2942091593386,100.0,4.457520505758023,0.1,0.011774539947509766,0.3247053623199463,0.04657546,0.015126173,779.7666003739705,-0.006630832950209139,7.78961916704979,100.0,9600,2.1588380336761475,5.01951698678708e-05,4.6910786168163125e-05,783.4396444232834,100.0
309,1.5729055404663086,780.1780299373025,3.2749714773306047,783.3919413446384,771.2825282257944,100.0,4.194598708764413,0.1,0.008054256439208984,0.3072943687438965,0.04201385,0.01729703,779.8077433303038,-0.006574575680984025,7.795092090985683,100.0,9600,1.772798776626587,3.514540899262157e-05,3.3777070229094016e-05,783.445054134174,100.0
310,1.72560715675354,779.7648422623812,3.640475560302475,783.4093211231406,763.2786538012292,100.0,3.8628972297671162,0.1,0.009395122528076172,0.29858994483947754,0.04060506,0.01782919,779.8034532235115,-0.0065413591815775924,7.790958640818421,100.0,9600,1.7696239948272705,3.9928834044103375e-05,3.894230135770461e-05,783.396220859441,100.0
311,1.5916390419006348,780.0942218551818,3.3417855486958805,783.4235160259345,767.2852530528145,100.0,4.465239338622625,0.1,0.01287078857421875,0.30625152587890625,0.043413065,0.01581512,779.8325300866786,-0.0065810840293585035,7.794252249303973,100.0,9600,1.8145651817321777,3.3783136374070495e-05,3.297541232243285e-05,783.3950790113691,100.0
312,1.5979745388031006,780.3850281422862,3.9815255950033785,783.4076060177947,767.2908095161023,100.0,4.370438422642085,0.1,0.008550882339477539,0.30832600593566895,0.042761557,0.016622791,779.8877798922395,-0.0065896658526957905,7.7971603341473035,100.0,9600,1.7419633865356445,4.003429369798484e-05,4.427928518930258e-05,783.4369883108047,100.0
313,1.5823044776916504,780.3010337201434,3.6499168338755337,783.4043017167974,767.3293193313121,100.0,4.009986301725593,0.1,0.0181882381439209,0.31020522117614746,0.044702496,0.019199837,779.9291052750299,-0.006596284697995276,7.796320381968671,100.0,9600,1.7600302696228027,3.734819790443368e-05,3.709058627457004e-05,783.427513842297,100.0
314,1.5668916702270508,780.6323647364093,3.541330102281718,783.4024596856376,771.2910896507419,100.0,3.838689109069354,0.1,0.0131072998046875,0.30552244186401367,0.045934804,0.019702988,779.9994312211678,-0.0066162477690690094,7.799633752230932,100.0,9600,2.2843315601348877,2.7745628198451784e-05,2.6084772689674166e-05,783.4213665485793,100.0
315,1.5976686477661133,781.0068564712561,2.81872931040199,783.4145622476841,775.2815031658538,100.0,3.8726023214250382,0.1,0.016319751739501953,0.27132678031921387,0.04507964,0.024484584,780.1001737461767,-0.006620362417442051,7.803379637582558,100.0,9600,1.8039054870605469,1.9929620103639456e-05,2.2355579277939224e-05,783.4587590320249,100.0
316,1.5882856845855713,779.0494853832575,3.981078713457793,783.4014127268645,767.3056017493909,100.0,3.9060507073952446,0.1,0.012963056564331055,0.287600040435791,0.04539521,0.02011624,779.9951049098847,-0.006611582022544567,7.783805084644122,100.0,9600,1.801938533782959,4.353221704346614e-05,4.2203946340987875e-05,783.465845137312,100.0
317,1.5942378044128418,780.6804088469856,3.6911317738571015,783.4208155344107,767.3224669577928,100.0,4.343729551838501,0.1,0.011803388595581055,0.30294013023376465,0.048473068,0.021774182,780.0636353035949,-0.006553205034163054,7.800113461632503,100.0,9600,1.7790074348449707,3.254429431429996e-05,3.448749093737883e-05,783.4042350773207,100.0
318,1.7336103916168213,780.0150007729831,3.6927525620193418,783.3912250715732,763.2958531676489,100.0,4.312969349928475,0.1,0.011892557144165039,0.22836041450500488,0.046485845,0.010142899,780.0587718505337,-0.006539331662370662,7.79346066833763,100.0,9600,1.4859344959259033,3.545419921597206e-05,3.331873213971906e-05,783.4525410928799,100.0
319,1.5958406925201416,780.0152031432432,3.8227311213947406,783.4064359683803,767.359073998327,100.0,4.039722122399958,0.1,0.011895418167114258,0.25351524353027344,0.047173657,0.020010814,780.0544149798047,-0.006537803055044394,7.793462196944955,100.0,9600,1.82965087890625,3.263514924359356e-05,3.4161783904206806e-05,783.4389526391009,100.0
320,1.5864713191986084,780.4737007562558,3.828843227620049,783.4134270977274,763.3079705426508,100.0,4.262388171580302,0.1,0.012850761413574219,0.33395886421203613,0.04477449,0.023426345,780.0963435574499,-0.006535940878088421,7.798047392455245,100.0,9600,1.7951931953430176,3.6341066829744195e-05,3.4668506059029914e-05,783.4176701082431,100.0
321,1.5605788230895996,780.935223444594,3.028108565709213,783.4172365405242,771.3213704745838,100.0,4.727172290870345,0.1,0.013014554977416992,0.28294920921325684,0.04815079,0.018772082,780.1802315461644,-0.006504703608389729,7.802661963058277,100.0,9600,1.7983973026275635,2.2082727310063107e-05,2.2204609711900793e-05,783.4399298250044,100.0
322,1.586580753326416,780.3493334705062,3.3745159705986625,783.420594076251,771.3098772558218,100.0,4.513880593297301,0.1,0.013045310974121094,0.2172698974609375,0.041074663,0.015370047,780.1971417385985,-0.006530372856843131,7.796802960476491,100.0,9600,1.2809314727783203,3.299090648031078e-05,3.451291214631349e-05,783.4978743924175,100.0
323,1.6249165534973145,780.8100434960367,2.8450610523840125,783.4029795042804,771.2902383888412,100.0,4.337468695489786,0.1,0.012928962707519531,0.2970085144042969,0.0381461,0.0153746065,780.2584319143423,-0.006504360102615624,7.801828973230717,100.0,9600,1.5569159984588623,2.312662699046482e-05,2.3201287849656454e-05,783.4606718396581,100.0
324,1.629883050918579,780.6001782445956,3.94412225922056,783.4039472601286,763.2764575714635,100.0,6.1356908364518645,0.1,0.011443138122558594,0.30098843574523926,0.041505475,0.009859506,780.2926065473677,-0.00652141173291395,7.79931192160042,100.0,9600,1.656247615814209,4.200964817614713e-05,4.284137831350796e-05,783.4644147004002,100.0
325,1.5721423625946045,780.3074071263368,3.604144096630001,783.4051327200218,767.3183355829528,100.0,3.592479087188076,0.1,0.005807638168334961,0.1295180320739746,0.045111954,0.022804549,780.2940866052646,-0.0065312789463167304,7.796385387720349,100.0,9600,1.2765781879425049,3.152742503339902e-05,3.127071773542277e-05,783.4351951744322,100.0
326,1.6549010276794434,780.5139507061232,3.8790294614261542,783.4051111470292,763.3097818902063,100.0,4.747525625762214,0.1,0.012867927551269531,0.26024699211120605,0.04577138,0.017958721,780.3160730153505,-0.0065516476467810635,7.798448352353219,100.0,9600,1.8678247928619385,3.534635126066359e-05,3.502500340717041e-05,783.4745692684919,100.0
327,1.5912067890167236,781.2632428742246,2.8867639458935077,783.3959269693809,771.3416949559116,100.0,4.205722025918781,0.1,0.008698225021362305,0.3436543941497803,0.044431347,0.018630542,780.410790001238,-0.0065577641569139825,7.805942235843086,100.0,9600,1.7363204956054688,2.251109927974566e-05,2.3905322707024818e-05,783.4449613962063,100.0
328,1.5592195987701416,780.0570303720355,3.9265749853036045,783.402154067252,767.300588837346,100.0,3.786858025788391,0.1,0.013010025024414062,0.29195642471313477,0.04224467,0.019523801,780.3754140383178,-0.0065360462133414845,7.793880620453325,100.0,9600,1.6949660778045654,3.823280674322702e-05,3.358270890967598e-05,783.4420265426025,100.0
329,1.621840476989746,780.0119685580959,4.12145162022132,783.4019877986477,767.2404935646148,100.0,3.942630786015118,0.1,0.012923002243041992,0.30338144302368164,0.043910168,0.019301431,780.3390694902956,-0.006571124248086638,7.793428875751914,100.0,9600,1.678750991821289,4.2285357389467845e-05,4.313324173961093e-05,783.4337767893142,100.0
330,1.5567824840545654,780.5136071083936,3.467612553322318,783.4249041797169,771.3117479636923,100.0,4.172332025808531,0.1,0.008601903915405273,0.30214500427246094,0.04789229,0.021567462,780.3565232521055,-0.006553109950512331,7.798446890049488,100.0,9600,1.5348374843597412,3.5736498929553106e-05,3.3620899177300366e-05,783.4762448321825,100.0
331,1.5636262893676758,780.5615509776271,3.072001457640683,783.4306558924507,771.3000997193819,100.0,4.262175071291121,0.1,0.012957096099853516,0.3182075023651123,0.043252308,0.017336426,780.3770260246577,-0.006491896638208179,7.798924770028459,100.0,9600,1.976351261138916,2.4080646966385443e-05,2.2611348051601114e-05,783.4396292725214,100.0
332,1.6029226779937744,779.8889002786445,3.782501166991151,783.4129974737951,767.3084237292622,100.0,4.032266830793126,0.1,0.012984275817871094,0.30637669563293457,0.04716486,0.017544208,780.3282134500564,-0.006550399834914681,7.792199600165084,100.0,9600,1.7703490257263184,3.777759830207697e-05,3.916116802138516e-05,783.447325138513,100.0
333,1.63254714012146,780.5538500044407,3.807231485895024,783.425384513723,767.2681397158241,100.0,4.303328689257144,0.1,0.011526346206665039,0.2933335304260254,0.04539857,0.01839856,780.3507771054949,-0.00656789846559708,7.798848768201069,100.0,9600,1.859384298324585,3.646635907108786e-05,3.848361476082292e-05,783.4742791586922,100.0
334,1.552020788192749,779.3910883836746,4.2692249850994965,783.4007707702568,763.3550569901467,100.0,4.123074578122593,0.1,0.012946605682373047,0.3049929141998291,0.045597516,0.01916204,780.2548082333129,-0.006530328277344619,7.787219671722656,100.0,9600,1.5219898223876953,5.307380703850138e-05,4.400662041184081e-05,783.4188281573566,100.0
335,1.5713095664978027,780.3514518330518,3.883292040368523,783.4359825436254,767.3097170582937,100.0,4.366902577804523,0.1,0.01191568374633789,0.266892671585083,0.04432195,0.01534348,780.2644725932869,-0.006509237197075451,7.796824096136258,100.0,9600,2.124500274658203,3.7611054631684474e-05,3.709278066829003e-05,783.4664861868517,100.0
336,1.6388134956359863,779.8864039033919,4.3172140661452945,783.396356945218,767.3076655334261,100.0,4.3631685466257615,0.1,0.01280832290649414,0.2837803363800049,0.04694062,0.015031621,780.2266657242974,-0.006577131677739399,7.792172868322261,100.0,9600,1.866401195526123,4.863383085374832e-05,4.776463248168777e-05,783.4425453262106,100.0
337,1.5833873748779297,780.3086176001508,3.4126193876230806,783.4177040944783,767.2763996237866,100.0,3.770027089770493,0.1,0.013178348541259766,0.28316497802734375,0.046383515,0.024815345,780.2348609118828,-0.00652030051318524,7.796396366153481,100.0,9600,1.4895610809326172,3.054724634227817e-05,3.220181144603342e-05,783.4320079537182,100.0
338,1.5990886688232422,780.6859650069013,3.736258493766331,783.4061470480291,763.3320894302167,100.0,3.49336319304568,0.1,0.013134479522705078,0.30236172676086426,0.034104344,0.016925802,780.2799713213847,-0.0064964204473672476,7.8001702462193,100.0,9600,1.6131079196929932,4.025092511584782e-05,3.8388007749871646e-05,783.4343061720649,100.0
339,1.6050403118133545,780.4721343739781,3.204559268127786,783.4165826215185,767.3195295263921,100.0,3.8953433377369495,0.1,0.011831998825073242,0.3217296600341797,0.041322723,0.0199654,780.299187626644,-0.006551287254680331,7.798448712745319,100.0,9600,1.685034990310669,2.831617358537957e-05,2.6547267560810054e-05,783.4451456743715,100.0
340,1.6995594501495361,780.5144004009022,3.7962534668462595,783.4209763598094,763.2824432095042,100.0,4.210696293953506,0.1,0.015132665634155273,0.3002033233642578,0.04400214,0.01906413,780.3207089040699,-0.006545156510842454,7.798454843489157,100.0,9600,1.9503591060638428,3.817172318176389e-05,4.1144062029258253e-05,783.4322028078313,100.0
341,1.7281444072723389,780.7185185668982,3.217385529972868,783.4015990371537,771.2997931854554,100.0,3.473256272168812,0.1,0.011583089828491211,0.3160974979400635,0.042023785,0.02157503,780.3604898703527,-0.006589077784197356,7.800494255549135,100.0,9600,1.838930606842041,2.8957513049482578e-05,2.542879139716974e-05,783.4384949083685,100.0
342,1.5691146850585938,779.849570238524,3.7589517034422415,783.4037095941693,767.3457250223962,100.0,3.971279749645563,0.1,0.011986017227172852,0.329448938369751,0.044610728,0.020144595,780.3093979071699,-0.006526963816806147,7.791806369516526,100.0,9600,1.65287184715271,3.595897787616952e-05,3.839752562324699e-05,783.4491372031647,100.0
343,1.5756561756134033,780.6023371177631,3.389346009513211,783.4320274846336,771.261193121351,100.0,3.747442352385077,0.1,0.013058185577392578,0.286224365234375,0.044914555,0.019336259,780.3386918282292,-0.006499735009865326,7.799333598323469,100.0,9600,1.61468505859375,3.875407355076415e-05,4.373873430494177e-05,783.45922269404,100.0
344,1.5889532566070557,780.5183682073106,3.004704631270973,783.3961688770382,775.2676828614086,100.0,4.037368644297596,0.1,0.012995004653930664,0.3137087821960449,0.045112476,0.018537514,780.3566594661374,-0.00650587541701236,7.798494124582987,100.0,9600,1.5174281597137451,3.9202305112904914e-05,2.3961448318382465e-05,783.4403137666015,100.0
345,1.597702980041504,780.6808601009758,3.355605555084389,783.4319980157313,771.3203166306579,100.0,4.642688678863067,0.1,0.00857853889465332,0.3144567012786865,0.043875664,0.014890371,780.3890795296213,-0.006547106415272049,7.800119560251393,100.0,9600,1.729156494140625,2.80528732454164e-05,3.216258021696213e-05,779.4059678278477,100.0
346,1.540654182434082,779.9260099083849,3.9693473177003518,783.4050697023283,767.3184152230401,100.0,4.5558542083240825,0.1,0.013049840927124023,0.30703210830688477,0.046374664,0.017490584,780.3427725674977,-0.006596991914251973,7.792569674752414,100.0,9600,2.0745534896850586,3.79818139602811e-05,3.4825225762813364e-05,783.4533001609117,100.0
347,1.5876953601837158,781.1423250144923,3.2180329996435457,783.4047380510109,771.2692808430179,100.0,3.9463566020246703,0.1,0.012212038040161133,0.32541441917419434,0.047461115,0.022493608,780.4227278121972,-0.006516042282939856,7.804733957717059,100.0,9600,1.8645968437194824,2.563069671236164e-05,2.461029436578281e-05,783.495295906854,100.0
348,1.575490951538086,780.3479630688802,4.013456993421501,783.4053093145094,767.2991254726691,100.0,3.5241091556329573,0.1,0.017042875289916992,0.32100486755371094,0.040997356,0.016854879,780.4152513378655,-0.006542672501163691,7.79679066083217,100.0,9600,1.776329517364502,3.4162746547861185e-05,3.3830050636303865e-05,783.4439335044299,100.0
349,1.7114379405975342,780.8538473894765,3.237810681410389,783.4006559434072,767.2987974406196,100.0,3.9412201806099336,0.1,0.01994180679321289,0.28450846672058105,0.049440138,0.021457162,780.4591109430266,-0.006482932499220676,7.8018504008341125,100.0,9600,2.1272237300872803,2.0832208724894115e-05,2.093104018472323e-05,783.4344019752292,100.0
350,1.6064181327819824,781.1410704932081,2.82947484703201,783.4150353316811,771.2704302103717,100.0,4.626727944086237,0.1,0.012842178344726562,0.30976366996765137,0.044705655,0.016787453,780.5273068980448,-0.006529945161029058,7.804720054838971,100.0,9600,2.1940555572509766,2.430037670754511e-05,2.5294437862609308e-05,783.4307817650135,100.0
351,1.5893480777740479,780.1799341922679,3.7910868689264103,783.4231614997427,767.2900239845856,100.0,4.070663754008632,0.1,0.01186513900756836,0.31415224075317383,0.04004382,0.015684297,780.4925696274672,-0.006558596399633715,7.795108070267034,100.0,9600,1.5092833042144775,4.312880886585414e-05,4.331418914370139e-05,783.4521390600846,100.0
352,1.5794825553894043,779.8941926857879,4.158219663718496,783.4077421493182,763.3109648411303,100.0,3.9430196782080684,0.1,0.01438450813293457,0.3131983280181885,0.042232744,0.018995125,780.4327319332994,-0.006497947184507757,7.792252052815492,100.0,9600,1.9627928733825684,4.233443773963458e-05,4.048072649084753e-05,783.4294669122612,100.0
353,1.5741097927093506,780.3433380084854,3.7532467200485353,783.3987266658318,767.3121144974582,100.0,4.085561955700007,0.1,0.01580953598022461,0.3070216178894043,0.044809483,0.019525453,780.423792540818,-0.006588710406503787,7.7967446229268305,100.0,9600,2.139988660812378,3.545753674878651e-05,4.0538772389411446e-05,779.4215735367563,100.0
354,1.60219407081604,781.102506894444,3.163488414417257,783.4269310325758,771.2752424718188,100.0,3.472566371973392,0.1,0.01289820671081543,0.273043155670166,0.04462836,0.018414155,780.4916639761807,-0.006498044680484536,7.804335288652848,100.0,9600,1.716585636138916,3.490014433507182e-05,2.4423183797900917e-05,783.3958685554991,100.0
355,1.5941941738128662,779.8865920606387,4.079483263864511,783.4166174666271,763.2909669128105,100.0,4.2033590700863765,0.1,0.013120889663696289,0.300459623336792,0.04469955,0.018243322,780.4311567846265,-0.006574033216876679,7.792175966783124,100.0,9600,1.8819968700408936,4.466893538261869e-05,3.920724137093705e-05,783.4242148187337,100.0
356,1.6770539283752441,780.5598449719491,3.844930393886851,783.4100881322546,767.2868136071926,100.0,4.2665310394532865,0.1,0.011015653610229492,0.3057377338409424,0.044918288,0.017625676,780.4440256033588,-0.006507399079817049,7.7989092675868505,100.0,9600,2.093996524810791,3.901278944675905e-05,3.711165323153719e-05,779.405850671833,100.0
357,1.6046018600463867,780.9827892028576,3.4560274869791336,783.4437770978055,767.3265655576721,100.0,4.46526960299253,0.1,0.013032197952270508,0.28496336936950684,0.046373624,0.018380957,780.4979019633088,-0.006443814940991198,7.803139518392342,100.0,9600,1.719552755355835,3.783325899874959e-05,4.0446023639025726e-05,779.4664273184023,100.0
358,1.5659375190734863,780.8566718079113,3.2863308779160403,783.4159697828395,771.3133943598684,100.0,4.759231232076289,0.1,0.012001514434814453,0.2787454128265381,0.044057783,0.016893117,780.5337789477691,-0.006456236074591355,7.801877097258742,100.0,9600,1.8629217147827148,3.3652377124789895e-05,3.2668799300436405e-05,783.4292551479765,100.0
359,1.5785548686981201,780.5656163926401,3.330419174685394,783.4327015676423,767.339810517973,100.0,4.703479589948176,0.1,0.013140439987182617,0.31578755378723145,0.048126705,0.018731974,780.5369626922562,-0.006449489487802374,7.798967177178864,100.0,9600,1.9216735363006592,3.285772003841138e-05,2.808818233209725e-05,783.4782126833093,100.0
360,1.5748615264892578,780.6017940198068,3.2416830793055054,783.402388136237,771.3040174688316,100.0,3.320721762466077,0.1,0.01187276840209961,0.2971181869506836,0.03573306,0.018005744,780.5434458250113,-0.006504396285466336,7.799328937047868,100.0,9600,1.8641941547393799,2.7640765611916627e-05,2.6868754165469855e-05,783.4235266769128,100.0
361,1.571939468383789,780.7271518379199,3.161450365287685,783.4098808494571,771.2607036537418,100.0,4.933864465286873,0.1,0.017516374588012695,0.27995824813842773,0.04718973,0.017736318,780.5618164263021,-0.006500533308345396,7.800582800024988,100.0,9600,1.9844632148742676,2.4184489457048613e-05,2.46699383622872e-05,783.446505704081,100.0
362,1.5917317867279053,780.6831619670165,3.3632841542426384,783.4114910273768,771.3064853380072,100.0,4.335165284993197,0.1,0.01289987564086914,0.29964733123779297,0.048349887,0.020091051,780.5739509803735,-0.0065248635070052,7.800141803159661,100.0,9600,1.624943494796753,3.387195567900138e-05,3.36785908033826e-05,783.4365987894622,100.0
363,1.5749738216400146,780.5566295855875,3.8406990569939246,783.4269999208568,767.3040133669838,100.0,4.068016446949658,0.1,0.015165090560913086,0.33138132095336914,0.037482295,0.016036572,780.572218840895,-0.00653999204437553,7.798876674622292,100.0,9600,2.0640506744384766,3.8592843476156886e-05,3.848378808139121e-05,783.4393476428561,100.0
364,1.662201166152954,779.8869656214598,4.156540705243461,783.42483562431,767.2735260813096,100.0,3.7700740002100233,0.1,0.011913537979125977,0.2904684543609619,0.047109727,0.01785294,780.5036935189514,-0.006569053752982479,7.792597612913684,100.0,9600,1.7183301448822021,4.0298462836164976e-05,3.9417244755924674e-05,783.4214183831908,100.0
365,1.579050064086914,780.6369576416496,3.452621337558155,783.4073934419584,771.2747788635381,100.0,4.108008442931647,0.1,0.013003349304199219,0.2942497730255127,0.04590714,0.020610765,780.5170199312213,-0.006571665205408005,7.799678334794592,100.0,9600,1.6443281173706055,3.249887384805847e-05,3.407777610056047e-05,783.4220480549108,100.0
366,1.6029942035675049,780.5924891527111,3.4838504364827205,783.3980694914576,767.3205684664554,100.0,4.9703301670584805,0.1,0.017435789108276367,0.31489109992980957,0.047313116,0.018190147,780.5245668533703,-0.006599757681000954,7.799233575652333,100.0,9600,1.4904472827911377,3.4346907406170154e-05,3.576582701399415e-05,783.4347830999122,100.0
367,1.593932867050171,781.2186831536345,2.9445759013913704,783.410914920436,771.3671461296077,100.0,4.18558383899358,0.1,0.020700931549072266,0.27961301803588867,0.042912662,0.017891122,780.5939784833968,-0.006587209660945281,7.805496123672387,100.0,9600,1.6413650512695312,2.136503329638898e-05,2.4070790626886736e-05,779.4142238693702,100.0
368,1.5745251178741455,780.801745505801,3.669845589922663,783.3961411693017,767.3134943661605,100.0,5.264790392920469,0.1,0.01157069206237793,0.2994117736816406,0.03885647,0.013964562,780.6147551856371,-0.00658861663762064,7.801328050029046,100.0,9600,1.8615210056304932,3.289784364211834e-05,3.392115150939884e-05,783.4408734158418,100.0
369,1.6387193202972412,779.8409736758143,4.569975825093372,783.4177371848617,759.2691872091975,100.0,4.183400212861222,0.1,0.013564109802246094,0.30300045013427734,0.043029856,0.015077698,780.5373770346548,-0.006613972385105503,7.791719360948228,100.0,9600,1.7558176517486572,5.239698938035313e-05,5.67062080660519e-05,783.3973237418089,100.0
370,1.5778250694274902,780.8032187588309,3.6216407034799762,783.4157823004806,767.3512037759773,100.0,4.832844116826161,0.1,0.012832880020141602,0.29610443115234375,0.047271345,0.019125964,780.5639612070725,-0.006575641047586833,7.801341025619078,100.0,9600,1.4653689861297607,4.172812979060162e-05,3.0319177860000252e-05,783.4559478708877,100.0
371,1.6888253688812256,779.9274442115266,3.9673023802211937,783.4083608220985,763.2915953972009,100.0,5.524076818330694,0.1,0.010512590408325195,0.24267148971557617,0.04657963,0.015711173,780.500309507518,-0.006580758267599303,7.792585908399066,100.0,9600,1.7575321197509766,4.123912353389567e-05,4.8249536250369696e-05,783.4355881096488,100.0
372,1.7362091541290283,780.4687200962098,3.699270770791615,783.4035585227816,767.275540271405,100.0,3.813829055944096,0.1,0.012450218200683594,0.2916398048400879,0.048206195,0.018889105,780.4971505663872,-0.0065859233263478,7.797997410006985,100.0,9600,1.6151728630065918,4.9275275140648456e-05,5.7244333538656116e-05,783.4451606442339,100.0
373,1.5879504680633545,780.5946363442972,3.0782215670262323,783.4000901150155,771.3314928033221,100.0,4.751337057927445,0.1,0.012872934341430664,0.2879974842071533,0.046356186,0.017302629,780.5068991441783,-0.006576890022054436,7.799256443311279,100.0,9600,1.8151237964630127,4.5231183464404606e-05,2.826894346367026e-05,783.443046479733,100.0
374,1.563251256942749,780.0945102178342,3.629022575437376,783.4045217232693,771.311642960977,100.0,4.245050015734684,0.1,0.011581897735595703,0.2989232540130615,0.041580714,0.015111132,780.4656602515439,-0.006578684164545563,7.794671315835454,100.0,9600,1.7257416248321533,3.3520311394286425e-05,3.7539686568562156e-05,783.3881095438859,100.0
375,1.5433130264282227,780.5165906683945,3.6532458684445785,783.4051654531413,767.3667284213614,100.0,3.8375938259821623,0.1,0.01192617416381836,0.30800342559814453,0.04351832,0.019136129,780.470753293229,-0.006523610335996268,7.798476389664003,100.0,9600,1.659397840499878,3.256029574641717e-05,2.979661641412698e-05,783.3941321166762,100.0
376,1.5621607303619385,780.8500144747244,3.1829780338677818,783.402133898706,771.2801801438809,100.0,4.2116634186697555,0.1,0.012935638427734375,0.33139753341674805,0.0453755,0.020773236,780.5086794113786,-0.006522535369041555,7.801810797964291,100.0,9600,1.5163137912750244,2.4950175566368535e-05,2.4712720832321082e-05,783.4224365267755,100.0
377,1.5886976718902588,780.4325592142919,4.152899896197319,783.4035500214219,763.3083657596644,100.0,3.1632905602822023,0.1,0.012933015823364258,0.30976152420043945,0.047967758,0.019729443,780.50106739167,-0.006531622045758102,7.797635044620908,100.0,9600,2.106793165206909,3.060888009182972e-05,3.139042124395825e-05,783.419460626444,100.0
378,1.606255292892456,780.9329238627606,2.97956010395843,783.4168952169196,771.2896450776076,100.0,4.161034156864483,0.1,0.011771917343139648,0.30443859100341797,0.04845566,0.01782418,780.5442530387791,-0.006527747542975339,7.802638919123692,100.0,9600,1.9488346576690674,2.3852461374595997e-05,2.3666509106602606e-05,783.4126546773142,100.0
379,1.8101708889007568,781.2259885758549,2.9499084926550054,783.4228565984606,767.3310990828568,100.0,4.433781691526978,0.1,0.012943029403686523,0.29473209381103516,0.04871365,0.023085626,780.6124265924866,-0.00651392513024884,7.805569408203084,100.0,9600,1.8706436157226562,1.979192189479545e-05,2.0026681295353484e-05,783.4728427520224,100.0
380,1.6014165878295898,780.6364734287976,4.154239800569388,783.4171677086586,759.2695333196943,100.0,3.553007755556981,0.1,0.00818490982055664,0.3165130615234375,0.04518898,0.022081127,780.6148312761178,-0.006575130282653406,7.799674869717347,100.0,9600,1.7747218608856201,3.4909254722254405e-05,3.7095281147201396e-05,783.3904087197825,100.0
381,1.578019618988037,781.313369942432,3.1729120553569836,783.4178507224406,767.317325907966,100.0,4.573874341312649,0.1,0.011789083480834961,0.30695033073425293,0.04971374,0.016084926,780.6846851427492,-0.0064725134411361745,7.80644415322553,100.0,9600,1.7847731113433838,3.0182557711347387e-05,2.5820543997526262e-05,783.4125214356654,100.0
382,1.6109898090362549,780.9810415715368,3.150316316149649,783.4192475958013,767.2677206968232,100.0,4.216494396700735,0.1,0.012980461120605469,0.26050877571105957,0.049076296,0.02049711,780.714320785628,-0.00646275098186332,7.803120582351471,100.0,9600,1.5227322578430176,2.5544875813158533e-05,2.6901331440364455e-05,783.3956694708869,100.0
383,1.5701606273651123,781.0644942306617,3.4133184821463702,783.4183019445412,767.362419763897,100.0,4.601284727275547,0.1,0.01426243782043457,0.2969093322753906,0.04972404,0.01997788,780.7493381301315,-0.006462387965998226,7.803954278700668,100.0,9600,1.5931193828582764,3.1075675692058305e-05,3.155851776386887e-05,783.4403529585117,100.0
384,1.5667731761932373,780.6031472103363,3.6749377085541335,783.4088693552382,759.2613505719556,100.0,4.074704514604247,0.1,0.011759042739868164,0.2916724681854248,0.049261406,0.015401419,780.734719038152,-0.006490939403964047,7.799342393929369,100.0,9600,1.7147839069366455,4.07685985885008e-05,3.45416249755635e-05,783.4694637053225,100.0
385,1.6146609783172607,780.7679587530412,3.1666679183838005,783.4255203937985,771.3238137183943,100.0,3.7534595946491947,0.1,0.013090848922729492,0.3332960605621338,0.047487058,0.022433564,780.7380430096409,-0.006509280639122529,7.800990719360878,100.0,9600,1.8445830345153809,2.774743101754624e-05,2.6464215439651358e-05,783.4380396900718,100.0
386,1.5789470672607422,780.981978594692,4.430869249236459,783.4113093533946,751.2665089317223,100.0,4.253028631977397,0.1,0.011898994445800781,0.28780031204223633,0.041167535,0.016027303,780.7624365681461,-0.006452973200964339,7.803130360132369,100.0,9600,1.6687719821929932,5.484093080201085e-05,5.6161495223143004e-05,783.4299277521959,100.0
387,1.7778887748718262,780.4766657963588,3.5557887822714447,783.4267578901411,767.296374200517,100.0,4.176278794861505,0.1,0.013249635696411133,0.32179689407348633,0.048264448,0.017861385,780.7338594909675,-0.00650513279406997,7.798494867205929,100.0,9600,1.6579616069793701,3.096972430927369e-05,2.8548251071054956e-05,783.4206614821885,100.0
388,1.5982210636138916,780.2226885405065,3.7624754243208685,783.4165446795308,771.2925692902489,100.0,4.607923057552172,0.1,0.01177215576171875,0.2605271339416504,0.04620385,0.018759636,780.6827423959214,-0.006546791222219717,7.795536542111113,100.0,9600,1.9351301193237305,3.852293869996132e-05,3.8436086291474565e-05,783.4225578103748,100.0
389,1.5812139511108398,781.1404822662277,3.108374802906101,783.4026559579233,771.257385870603,100.0,4.649492883875676,0.1,0.008951663970947266,0.27884840965270996,0.04373709,0.016376685,780.7285163829521,-0.006534936307194295,7.804715063692805,100.0,9600,1.6440856456756592,3.102810853919943e-05,3.104833121179914e-05,783.4142407014702,100.0
390,1.557051420211792,781.2282300389817,3.004310277383637,783.3957271200512,771.2487459165533,100.0,4.436008175147459,0.1,0.012926340103149414,0.27943992614746094,0.048879012,0.022596467,780.778487748555,-0.0064907936241408,7.805592539709193,100.0,9600,1.997004508972168,2.3725079379386474e-05,2.5981142704192393e-05,783.416748881602,100.0
391,1.613703966140747,780.8098395342621,3.4309044740712933,783.404541379747,767.305671291765,100.0,3.794761423073131,0.1,0.008276939392089844,0.2726168632507324,0.04263965,0.017554592,780.7816229271257,-0.006507089278929414,7.801409577387737,100.0,9600,2.0281407833099365,3.0211784490206305e-05,2.9912446688372666e-05,783.4230158417648,100.0
392,1.5339539051055908,780.4370777894925,4.348068822609474,783.4402974462885,755.2919608530425,100.0,3.7510052293306746,0.1,0.018791913986206055,0.30715465545654297,0.041643668,0.016744655,780.7471684133624,-0.0064866436809425535,7.797680022985723,100.0,9600,2.0723423957824707,6.112559016235022e-05,6.72006738599737e-05,783.4369612114515,100.0
393,1.5641231536865234,780.3932331605464,3.4879767469042666,783.3955700070717,767.3371975385741,100.0,3.577883853509135,0.1,0.013122081756591797,0.3159339427947998,0.044870697,0.022590792,780.7117748880808,-0.0065077994171369655,7.797242200582862,100.0,9600,1.891157627105713,3.574681216398409e-05,2.849198776829231e-05,783.3820420741865,100.0
394,1.6380057334899902,781.2217918331313,3.0081576507442875,783.4041387423108,771.3031925436007,100.0,4.1258685193822755,0.1,0.008669614791870117,0.28520965576171875,0.047308754,0.021065097,780.7627765825858,-0.00655366223691773,7.805529671096416,100.0,9600,1.9707062244415283,2.270994273188021e-05,2.8606552901172776e-05,783.4340705335526,100.0
395,1.6836469173431396,780.4741411075678,3.255515419411959,783.3890732861828,771.3133431611409,100.0,4.527364118478576,0.1,0.013021707534790039,0.2860856056213379,0.0500014,0.020299876,780.733913035084,-0.006532427089259232,7.798050906244074,100.0,9600,2.011160135269165,3.0859611555740704e-05,2.5838501629693515e-05,783.4541180662715,100.0
396,1.565866231918335,780.2660044497419,3.5911081027202374,783.4061953060742,771.2990093753403,100.0,3.968025443403898,0.1,0.011828899383544922,0.30539488792419434,0.04827934,0.022992322,780.6871221765498,-0.00652806771649462,7.795971932283504,100.0,9600,1.731055736541748,3.521401863015779e-05,3.613026456679558e-05,783.4514219950152,100.0
397,1.5889005661010742,780.6794924969103,3.457706781512507,783.3980384648816,767.3066451067467,100.0,3.961217128270549,0.1,0.01182699203491211,0.3026740550994873,0.048018545,0.021011598,780.6863592085858,-0.006561160072875608,7.80010550659379,100.0,9600,1.7125210762023926,2.844756084555026e-05,2.7913612341698223e-05,783.3781995200974,100.0
398,1.5690631866455078,780.5549517876024,4.097530260589811,783.4217925987206,763.2815134873033,100.0,4.542730912495371,0.1,0.01294088363647461,0.3333883285522461,0.04315267,0.0124560045,780.6732184664875,-0.006557356455664184,7.798859310211003,100.0,9600,1.8469195365905762,3.476682106774699e-05,3.6339447343532706e-05,783.4582828834375,100.0
399,1.538846731185913,781.1871294624844,3.3188896313390863,783.4066688811006,767.3198556463883,100.0,4.3609392471624355,0.1,0.012841939926147461,0.3033781051635742,0.04611758,0.019827705,780.7246095660872,-0.0064847179287123085,7.805181948737956,100.0,9600,1.6335911750793457,3.143273642645242e-05,3.955867314589851e-05,783.447964356199,100.0
400,1.563849687576294,781.3921066862507,3.168756685496072,783.4059358628168,767.3374395330744,100.0,4.156056109840793,0.1,0.011841297149658203,0.3020975589752197,0.049272496,0.020330874,780.7913592781036,-0.0065192469956239065,7.807230753004376,100.0,9600,1.826840877532959,3.8984455055683136e-05,2.651936456683784e-05,783.4115096148205,100.0
401,1.6430552005767822,781.5601351205406,3.107114864885528,783.4053051711903,771.3136800659659,100.0,3.952035315549569,0.1,0.011658191680908203,0.30318617820739746,0.036513485,0.015061918,780.8682368623473,-0.006504775462836701,7.80891189120383,100.0,9600,1.7161989212036133,2.5416964268151277e-05,2.496429928809789e-05,783.4361157345554,100.0
402,1.5815095901489258,780.6463433433291,3.351459181751371,783.4132395603416,767.3295760168218,100.0,4.2691768372862535,0.1,0.0130462646484375,0.26853394508361816,0.045725204,0.019694585,780.8460475104455,-0.006476275090470911,7.799773724909528,100.0,9600,1.8061285018920898,3.461686294827148e-05,3.3488558622592264e-05,783.4103699321819,100.0
403,1.5896952152252197,781.6059566228574,3.049641889695682,783.4210574852141,771.3153076867856,100.0,5.0273151438292265,0.1,0.011865377426147461,0.3132462501525879,0.04508277,0.013930773,780.9220384216867,-0.006463922665871295,7.809369410667462,100.0,9600,1.7128548622131348,2.97052760279293e-05,2.6113628335479982e-05,783.4220979331493,100.0
404,1.622406244277954,781.1511890932037,3.3703153061821087,783.4314248030256,767.308989987581,100.0,4.693659768754208,0.1,0.015126466751098633,0.3387794494628906,0.045520373,0.01413917,780.9449534888385,-0.0064288074956479,7.804821192504352,100.0,9600,1.953345775604248,2.847514818735335e-05,2.6642545067248613e-05,783.4275021531147,100.0
405,1.5958905220031738,780.8916738724593,2.8601382173949665,783.4007032194453,771.3500729058678,100.0,4.110065722517487,0.1,0.01175546646118164,0.322711706161499,0.04202703,0.019257601,780.9396255272006,-0.00652213064979192,7.802227869350208,100.0,9600,2.074441909790039,2.510546278384075e-05,2.577208278650964e-05,783.4364071286356,100.0
406,1.602963924407959,780.8563945781066,3.1336278572301826,783.430065908685,771.3148402510293,100.0,5.160960721083031,0.1,0.012879133224487305,0.3180413246154785,0.042801064,0.015171516,780.9313024322912,-0.006459976010544583,7.801873357322788,100.0,9600,1.6073551177978516,2.7271827323008448e-05,3.0807683806275795e-05,783.4221674105285,100.0
407,1.6135776042938232,780.7264611518327,3.7870209712880003,783.4012160984661,771.2895040615305,100.0,4.0578976916465646,0.1,0.011742353439331055,0.3021583557128906,0.045795083,0.016822333,780.9108183042454,-0.006509490353318517,7.800573842980015,100.0,9600,2.016008138656616,3.7903622515810885e-05,3.440961962755126e-05,783.4417968110653,100.0
408,1.7071378231048584,780.6785139187235,3.6028420017546243,783.4123575641208,771.2593549744666,100.0,4.322407322131402,0.1,0.012995243072509766,0.32302117347717285,0.04594876,0.019702697,780.8875878656931,-0.006571694788509838,7.800094971878157,100.0,9600,2.249112367630005,3.064526510491528e-05,2.988278794337433e-05,783.4441217033243,100.0
409,1.7461957931518555,780.9733804966149,3.1545103858296244,783.4004918764472,767.2767860573678,100.0,4.27609488879713,0.1,0.009862899780273438,0.3190646171569824,0.035164617,0.013293231,780.8961671287854,-0.006539231486395285,7.803044101846939,100.0,9600,2.2998766899108887,2.606860779627781e-05,2.5843403634238595e-05,783.4508830103513,100.0
410,1.5997698307037354,780.6849667235994,3.5541027409218686,783.4294912972472,767.2889720064794,100.0,5.285257536783619,0.1,0.011955738067626953,0.3085505962371826,0.04649111,0.018215144,780.8750470882668,-0.006505043937695374,7.800161622728972,100.0,9600,2.1494507789611816,3.2995224607206286e-05,3.4422581482603865e-05,783.4537666050436,100.0
411,1.5998072624206543,781.5203011617373,3.216347289264112,783.4020293317326,771.3264111497167,100.0,4.2233860335361815,0.1,0.011777639389038086,0.3277430534362793,0.04914512,0.020525634,780.9395724956138,-0.006487576870773149,7.808512423129226,100.0,9600,1.763091802597046,2.6425189241508964e-05,2.6810825254842638e-05,783.4167918125181,100.0
412,1.5509650707244873,781.3084422573306,2.837053871791328,783.4050977602964,775.2760748065455,100.0,4.1596244917677545,0.1,0.012964963912963867,0.30559563636779785,0.04899442,0.015412597,780.9764594717855,-0.006521945379993333,7.806811387953339,100.0,9600,1.7660932540893555,2.203201247858311e-05,2.128072296053909e-05,783.4466162239302,100.0
413,1.5592808723449707,781.0605552657254,3.4650012412321702,783.4096411152447,771.2882385300037,100.0,3.6269785626369915,0.1,0.01184391975402832,0.2980048656463623,0.045610007,0.020971224,780.9848690511794,-0.006501345402523148,7.803915321264143,100.0,9600,2.1395325660705566,2.954727811134905e-05,2.9665481837561598e-05,783.4242716599879,100.0
414,1.5372741222381592,781.4330966267706,3.0085678743215674,783.4026261637133,771.2941432618229,100.0,4.345234010542235,0.1,0.012978553771972656,0.28728413581848145,0.049897596,0.021815287,781.0296918087386,-0.006524537019328113,7.808058796314005,100.0,9600,1.5806365013122559,2.550976675139461e-05,2.3639122797062824e-05,783.4318695120315,100.0
415,1.6015827655792236,781.2222293166587,3.222068337363886,783.4108763471802,771.2790818117181,100.0,3.519352988493186,0.1,0.011938810348510742,0.29805684089660645,0.04523505,0.019001815,781.0489455595306,-0.006551344938933726,7.805948655061067,100.0,9600,1.4292409420013428,2.629850935156398e-05,2.6077003683840936e-05,783.4090528653409,100.0
416,1.5790760517120361,781.3088731007224,3.0063162561306394,783.4061799692153,767.3206502448414,100.0,4.444010344222161,0.1,0.026915788650512695,0.299663782119751,0.043367583,0.017019723,781.0749383136498,-0.006516182572122682,7.806400484094543,100.0,9600,1.9330241680145264,2.01950236734079e-05,2.0494276279672108e-05,783.4185429459422,100.0
417,1.7705702781677246,781.2228711190647,3.5231949719644287,783.4021157723485,763.2971276497822,100.0,3.943037377324308,0.1,0.01045370101928711,0.2760486602783203,0.04753292,0.026636511,781.0897315941913,-0.006544893906334524,7.805538439426999,100.0,9600,1.8838777542114258,3.0087503580468976e-05,3.111472220067286e-05,783.3866818238032,100.0
418,1.5749671459197998,780.5605599088054,3.8003262842761867,783.40880746382,771.3061239374259,100.0,4.268507773752092,0.1,0.011710643768310547,0.3350496292114258,0.045783855,0.019232746,781.0368144256528,-0.006501793970667383,7.798914872695999,100.0,9600,1.8524653911590576,3.4599582390185054e-05,3.505715732807634e-05,783.3875111290228,100.0
419,1.553701400756836,780.4301749777142,3.1936179090417935,783.4120821150593,771.3062657421348,100.0,4.351916386315979,0.1,0.011867761611938477,0.3188300132751465,0.04308258,0.018819168,780.9761504808589,-0.006554500828901882,7.797612165837766,100.0,9600,1.8582196235656738,2.897727776154626e-05,2.7395963611307583e-05,783.4113689954683,100.0
420,1.564586877822876,780.9685787444046,3.250205110137073,783.4101634550166,771.3095653799525,100.0,4.0668996426963595,0.1,0.013155937194824219,0.3493809700012207,0.043290537,0.016986473,780.9753933072135,-0.006586476285401752,7.803413523714599,100.0,9600,1.9719047546386719,2.775218894205936e-05,2.7166875669441726e-05,783.4175727496059,100.0
421,1.5676207542419434,780.93227463532,3.1369480454730847,783.4160948237092,767.3540760981942,100.0,5.4231821210333715,0.1,0.012839555740356445,0.31099438667297363,0.042572275,0.013561279,780.9710814400241,-0.006532560499899803,7.802634106166767,100.0,9600,1.815371036529541,3.167516337202889e-05,3.362468654549213e-05,783.4174587517197,100.0
422,1.5773355960845947,780.5124266183653,4.009978136940497,783.4193738958827,763.2777491633685,100.0,3.7662180995110663,0.1,0.012060880661010742,0.2883949279785156,0.042153187,0.017229117,780.9252159578583,-0.0065651015352278345,7.798434898464772,100.0,9600,1.7141761779785156,4.0277167548637806e-05,3.883756571688883e-05,783.4487000337288,100.0
423,1.5718269348144531,780.7651265947894,3.5717171044074485,783.4070330259188,771.2805859877697,100.0,4.5342240593307235,0.1,0.011901140213012695,0.2740757465362549,0.048410363,0.018915813,780.9092070215514,-0.006538105017477841,7.800961894982522,100.0,9600,1.7299079895019531,3.270548385652534e-05,3.253326584233356e-05,783.4062851929335,100.0
424,1.5729153156280518,780.5983982742235,3.674254252303636,783.405631607919,767.3288057737316,100.0,4.84212578231981,0.1,0.009617805480957031,0.2777841091156006,0.048745643,0.017830541,780.8781261468187,-0.006539656443007746,7.7992936768903265,100.0,9600,1.8336756229400635,3.227455751777158e-05,3.1826114618704234e-05,783.4397119504929,100.0
425,1.7160441875457764,780.728089019479,3.266323371760169,783.4031662140815,771.3079782145627,100.0,4.305261348085241,0.1,0.011956930160522461,0.28054189682006836,0.045265686,0.017830215,780.8631224340847,-0.006493467267102232,7.800589866066232,100.0,9600,1.9101338386535645,3.2718824802323826e-05,3.447153158088556e-05,783.4293453428885,100.0
426,1.6032178401947021,781.2700373598356,3.4207039584694563,783.4053353229049,763.3234701570486,100.0,5.333992797792279,0.1,0.009553670883178711,0.29842162132263184,0.046989463,0.016183568,780.9038139266598,-0.00648968117487768,7.806010318825122,100.0,9600,2.1026954650878906,3.078500056807399e-05,2.9669110572174104e-05,783.4133353071919,100.0
427,1.586608648300171,780.6033140839096,3.4904563660843198,783.4264267360186,767.3200060557157,100.0,3.50999720934003,0.1,0.012912750244140625,0.2947864532470703,0.045499478,0.019592104,780.8737639423848,-0.006491339212349743,7.799341994120984,100.0,9600,1.7046761512756348,3.6030975207143404e-05,4.021641784182731e-05,783.4329268244766,100.0
428,1.5667853355407715,780.7729968048831,3.3265243601057053,783.4375836248397,771.2937056859939,100.0,3.8800750588715265,0.1,0.012006282806396484,0.3177788257598877,0.04781481,0.03173244,780.8636872286346,-0.006459100580834523,7.801040899419166,100.0,9600,1.8678107261657715,3.0840721248808164e-05,2.5035195356177558e-05,783.4598831609651,100.0
429,1.5734050273895264,781.3535982625139,3.114732073492394,783.4116754628118,763.3435705561599,100.0,4.295006990751048,0.1,0.012849092483520508,0.2866659164428711,0.047331456,0.016555563,780.9126783320226,-0.006487696660518936,7.806845636672814,100.0,9600,1.8221409320831299,2.7294656530733292e-05,2.7319010359682456e-05,783.4024350168386,100.0
430,1.5918967723846436,781.1496885838766,2.9473664897159835,783.4206394688617,771.3012982712506,100.0,5.661826708393489,0.1,0.011890649795532227,0.29299187660217285,0.04709071,0.016263131,780.936379357208,-0.006443252545344701,7.804806747454656,100.0,9600,1.6488115787506104,2.2892387789796372e-05,2.2167287385948382e-05,783.4117531733049,100.0
431,1.5742318630218506,780.9393175626295,3.2498728691308463,783.4070252385442,767.3129337242217,100.0,3.916183574806335,0.1,0.011511802673339844,0.3016085624694824,0.045883853,0.02095014,780.9366731777501,-0.006462981807518705,7.802703684859147,100.0,9600,2.057016611099243,2.8940577848698718e-05,3.2545130955169114e-05,783.4222541640578,100.0
432,1.6835780143737793,780.6906054673426,3.913829812178426,783.4082702672445,759.2718519945804,100.0,3.361501280238733,0.1,0.011721611022949219,0.32415246963500977,0.04798086,0.019052373,780.9120664067093,-0.006450187378796118,7.800216479287871,100.0,9600,1.614072561264038,3.373417709027088e-05,2.9970863098428325e-05,783.4082995745009,100.0
433,1.595153570175171,781.1532868356079,2.9430793558318475,783.417011687863,771.314602243397,100.0,4.538727055243986,0.1,0.011894702911376953,0.30670738220214844,0.04968182,0.019152189,780.9361884495993,-0.006407423890671861,7.804842576109329,100.0,9600,1.6618568897247314,2.3236500129858984e-05,2.2896468517389617e-05,783.456590506246,100.0
434,1.581777811050415,781.3582271400401,3.27272697116758,783.4105200805839,763.3131417430918,100.0,4.995907673633594,0.1,0.01433253288269043,0.33881092071533203,0.048431877,0.015648678,780.9783923186434,-0.006440590126593138,7.807309409873407,100.0,9600,1.7178990840911865,2.6932927047084188e-05,2.6292132631595826e-05,783.4490529503469,100.0
435,1.5642116069793701,781.4390570419591,2.8861079883777685,783.4032958057298,771.3317977682138,100.0,4.098639829823478,0.1,0.012788057327270508,0.27141761779785156,0.04911473,0.019410172,781.024458790975,-0.006465521994965515,7.807701144671701,100.0,9600,1.743154764175415,1.936966510404085e-05,1.9696721944709044e-05,783.4329492808893,100.0
436,1.5956861972808838,781.228431224457,3.2206615299936856,783.4129172664575,767.3118898258261,100.0,4.941991872698118,0.1,0.013214588165283203,0.3266592025756836,0.048270028,0.014195319,781.0448560343233,-0.006488302622079323,7.805595030711255,100.0,9600,1.689016342163086,2.2475612098600932e-05,2.1491955319894007e-05,783.4486258345279,100.0
437,1.5474016666412354,781.4023944420369,3.0100185266374018,783.4243493175713,767.3386347886783,100.0,4.76282465731165,0.1,0.013154983520507812,0.285872220993042,0.047597557,0.018947985,781.0806098750948,-0.006416300155326664,7.807333699844674,100.0,9600,2.1675994396209717,2.7996273469820086e-05,2.7419147223390125e-05,783.4139699994486,100.0
438,1.6179680824279785,780.8959278056992,4.532719229047114,783.4036045118326,751.2941202306723,100.0,3.174105872274171,0.1,0.0127716064453125,0.28612589836120605,0.047586128,0.026115438,781.0621416681552,-0.006481097814436482,7.802268902185563,100.0,9600,1.9343929290771484,3.5786664067771224e-05,3.4679287734504894e-05,783.4307235387128,100.0
439,1.5912468433380127,780.9011267248244,3.8998559634189793,783.4432060308969,763.3236083029412,100.0,3.522636761182937,0.1,0.015290498733520508,0.29801034927368164,0.046896707,0.022619627,781.0460401738221,-0.006429594821879603,7.802320405178119,100.0,9600,1.6479651927947998,3.193005517837737e-05,3.309637556178548e-05,783.4460440103726,100.0
440,1.7355892658233643,781.1917424745747,3.061652441020958,783.3998156233988,771.3092292148172,100.0,5.517174252249232,0.1,0.011895418167114258,0.30875372886657715,0.047372654,0.015589211,781.0606104038975,-0.0064398720961397855,7.805226794570527,100.0,9600,1.5488872528076172,2.616788598954449e-05,2.6099708632097753e-05,783.4310571305155,100.0
441,1.5897092819213867,781.239640214224,2.7113568808090314,783.4243566675414,775.3225585473457,100.0,4.0248951700227344,0.1,0.01624894142150879,0.32953834533691406,0.044567112,0.018666238,781.0785133849301,-0.006377746151626606,7.8057055871817065,100.0,9600,1.9185404777526855,2.3198127949543857e-05,2.107635556110194e-05,783.4251158795647,100.0
442,1.6053555011749268,779.9760301021621,3.7670595153731723,783.4077542711677,771.3057440269212,100.0,4.638072926973877,0.1,0.013131141662597656,0.274090051651001,0.045330282,0.016883865,780.9682650566533,-0.006512904580361966,7.793070428752972,100.0,9600,2.0976290702819824,3.896689031165259e-05,4.404918916985269e-05,783.4187948123331,100.0
443,1.537794828414917,781.149552190348,2.942597451793854,783.401843317818,771.3072822083282,100.0,4.024009037058481,0.1,0.012880563735961914,0.31223082542419434,0.046504725,0.021454036,780.9863937700229,-0.006443521780574988,7.804806478219426,100.0,9600,2.0498077869415283,2.983205734264002e-05,2.4596105609497357e-05,783.3835021300795,100.0
444,1.5838477611541748,781.152409755607,3.057633058986316,783.4290310543234,771.3162245209309,100.0,3.544552197866207,0.1,0.009778261184692383,0.289992094039917,0.04739454,0.018627757,781.0029953685813,-0.006416137434827235,7.8048338625651725,100.0,9600,1.8268425464630127,2.2464074603557534e-05,2.2196143474113855e-05,783.4419649989992,100.0
445,1.5733919143676758,781.3961522723662,2.956317256292359,783.4105713956909,771.2953588137591,100.0,3.9201248744788524,0.1,0.012899398803710938,0.2750883102416992,0.045629084,0.02255848,781.0423110589599,-0.006478632632917264,7.8072713673670835,100.0,9600,1.6705052852630615,2.358714948272706e-05,2.35121573285962e-05,783.4162386222309,100.0
446,1.5785391330718994,781.522564897215,2.709400513032731,783.4064862055315,771.3060631694083,100.0,3.749756526589017,0.1,0.012856483459472656,0.312166690826416,0.047125913,0.019352498,781.0903364427853,-0.006463974187404069,7.808536025812596,100.0,9600,1.4722857475280762,1.6761994492502652e-05,1.6893704291240347e-05,783.4319044256057,100.0
447,1.6624081134796143,781.3159911776314,3.3281350942393773,783.4122724831626,763.2969542356179,100.0,3.426272462859919,0.1,0.01146697998046875,0.26036548614501953,0.048268404,0.0229079,781.11290191627,-0.006447217046377035,7.80646944962029,100.0,9600,1.4469969272613525,2.131097492293901e-05,2.149937636165991e-05,783.3895170029242,100.0
448,1.683732271194458,781.3111200975922,3.2212515984085126,783.4182818274022,767.3500791939254,100.0,3.9039282132752353,0.1,0.013003826141357422,0.2984328269958496,0.048180703,0.019686041,781.1327237344022,-0.006494067084179302,7.806422599582487,100.0,9600,2.435617685317993,2.754691263377508e-05,2.842350688266405e-05,783.4529905632874,100.0
449,1.5666604042053223,780.9366645933989,3.446486011097039,783.405471881011,767.3198752351361,100.0,4.045502699908717,0.1,0.012837409973144531,0.2910747528076172,0.045311622,0.022965305,781.113117820302,-0.006489226888000352,7.802677439778667,100.0,9600,1.7769861221313477,3.328159460426939e-05,3.475355517780501e-05,783.3908220052124,100.0
450,1.615684986114502,780.1036699541474,3.5814554216951353,783.4159198478791,771.2881486464471,100.0,4.243871239862304,0.1,0.012958288192749023,0.27622556686401367,0.047960266,0.018668633,781.0121730336866,-0.006487300595052485,7.794346032738281,100.0,9600,1.4219801425933838,3.7197786186670225e-05,3.708295915079093e-05,783.4534694928552,100.0
451,1.5992324352264404,780.5999636524806,3.3926857226820166,783.3985420193557,767.3116087403871,100.0,4.148377566672795,0.1,0.0130767822265625,0.26810264587402344,0.043573238,0.015496761,780.970952095566,-0.006523349907541698,7.799309983425791,100.0,9600,2.031918525695801,3.55905848262726e-05,3.501175911815065e-05,783.4147583712856,100.0
452,1.5791330337524414,780.7288023489606,3.562273219577342,783.4145916561108,767.3251093708288,100.0,3.5912691467576727,0.1,0.011730432510375977,0.31125903129577637,0.045263454,0.019836823,780.9467371209055,-0.006484717892854997,7.800598615440478,100.0,9600,1.5917584896087646,2.918873011121836e-05,2.8227971399397572e-05,783.4010197927986,100.0
453,1.5674498081207275,781.4845318176614,2.8336554934184597,783.399871024856,771.329603043589,100.0,3.4874698273542117,0.1,0.008399724960327148,0.3369314670562744,0.047005825,0.016093021,781.0005165905811,-0.006427963912393361,7.80815536942094,100.0,9600,2.1116364002227783,2.067510269175737e-05,1.960915409470724e-05,783.4404294325485,100.0
454,1.5544395446777344,780.9873588130454,4.035486379692038,783.428507679928,755.3078673842864,100.0,4.389074168007574,0.1,0.011640310287475586,0.30390453338623047,0.04103578,0.014929006,780.9992008128277,-0.0064008291928834065,7.803182504140451,100.0,9600,1.6887538433074951,3.213072131395535e-05,3.182398019062154e-05,783.4090498505439,100.0
455,1.7092094421386719,781.3226398654015,3.116433735744811,783.4213874451119,767.3286701662066,100.0,3.8903304996455628,0.1,0.011931657791137695,0.3022935390472412,0.04214459,0.019040234,781.031544718085,-0.006380084392394525,7.806536582274272,100.0,9600,1.4456467628479004,2.6412994189523323e-05,2.9332418403852634e-05,783.4254293998597,100.0
456,1.58250093460083,781.4820026879506,2.892393168312758,783.401542481688,767.3612299544739,100.0,4.803819958175933,0.1,0.012361764907836914,0.2939951419830322,0.04685116,0.018812504,781.0765905150716,-0.0064529099913708645,7.808130423341962,100.0,9600,1.9276609420776367,2.9770353491414486e-05,3.304287433924099e-05,783.4120575322904,100.0
457,1.6024410724639893,781.1950665555902,3.2201831132346617,783.4273314442713,771.3389848372643,100.0,4.855444671357191,0.1,0.011839628219604492,0.30934906005859375,0.048938207,0.017532168,781.0884381191235,-0.006406119347536419,7.805260547319129,100.0,9600,1.7205560207366943,3.499021435784925e-05,2.747775744338097e-05,783.4680132661651,100.0
458,1.6399486064910889,781.1113767472078,3.1656638897330542,783.4411035964766,771.3296611993748,100.0,4.415567633592012,0.1,0.011871814727783203,0.23685812950134277,0.047542524,0.016570425,781.0907319819319,-0.006410447141765643,7.804422886191567,100.0,9600,1.626884937286377,2.033472882062113e-05,2.2996039088506457e-05,783.410625942399,100.0
459,1.6347498893737793,781.3172852786812,2.947673215447224,783.3934158942332,771.3462334478729,100.0,4.2176300628604775,0.1,0.013317108154296875,0.2777571678161621,0.048978813,0.020200571,781.1133873116069,-0.00643476545087709,7.80648190121579,100.0,9600,1.587245225906372,2.3527857999859898e-05,2.091188558420404e-05,783.4074752672592,100.0
460,1.6122286319732666,781.2739240538316,3.1156926117053927,783.4085781157295,771.3320853660176,100.0,4.52902351470311,0.1,0.013042211532592773,0.2686898708343506,0.045439597,0.017028727,781.1294409858293,-0.006450220491507605,7.806049779508491,100.0,9600,1.8294165134429932,2.607877847992445e-05,3.444537732333935e-05,783.4352277932749,100.0
461,1.5666265487670898,781.6471631447627,2.942179747309657,783.4223129289193,767.2975377024254,100.0,4.009313586338371,0.1,0.01467442512512207,0.3129127025604248,0.047041662,0.021128608,781.1812132017226,-0.006467814084640086,7.80978218591536,100.0,9600,2.157762050628662,3.159558260033289e-05,2.2123127934351052e-05,783.3952449077682,100.0
462,1.602198839187622,781.8139518409429,2.3472644387338453,783.4216372636419,775.2668846164596,100.0,4.889125904656927,0.1,0.008471965789794922,0.27434778213500977,0.044751238,0.015478816,781.2444870656446,-0.006465967336559725,7.8114506993301065,100.0,9600,1.5978496074676514,1.720096782705137e-05,1.857410790467745e-05,783.4381754312816,100.0
463,1.637833595275879,781.4789866884815,2.7089292420635447,783.4073729066865,771.3429340729053,100.0,4.7523750666132285,0.1,0.011733293533325195,0.32568359375,0.050315034,0.022033866,781.2679370279284,-0.006482804446047266,7.8081005288872865,100.0,9600,1.700535774230957,2.3183907458461054e-05,1.863664881014343e-05,783.4118398925119,100.0
464,1.5949196815490723,780.7674979765194,3.1696032775655376,783.4192199629913,767.3047833698281,100.0,4.276425523437838,0.1,0.011897087097167969,0.30306363105773926,0.047093943,0.018380161,781.2178931227875,-0.0065152872219370675,7.800984712778064,100.0,9600,1.9729118347167969,2.3392240449830293e-05,2.333156366684541e-05,783.4158693431776,100.0
465,1.5767087936401367,781.8940088585479,2.5286109959314116,783.4163919010538,771.308417795925,100.0,4.966816901986571,0.1,0.011588335037231445,0.2894740104675293,0.04810125,0.016299805,781.2855046963635,-0.006501039511580784,7.812248960488421,100.0,9600,1.9711048603057861,1.8288159630715156e-05,1.7086586318430403e-05,783.4131463682472,100.0
466,1.5741996765136719,781.9723974895211,2.3060944970857697,783.410610050205,775.3045543891176,100.0,3.6674183270090364,0.1,0.011756658554077148,0.27892160415649414,0.04217633,0.019030672,781.3541939756793,-0.006549288804534491,7.8130340445287985,100.0,9600,2.1691677570343018,1.364661289600402e-05,1.361595162183889e-05,783.4313461913433,100.0
467,1.5603678226470947,781.4371021739598,2.592245049922521,783.4082530689512,775.2997596476112,100.0,4.300412446990968,0.1,0.011831283569335938,0.2899363040924072,0.046009917,0.01831666,781.3624847955074,-0.006485317487101795,7.807681349179564,100.0,9600,1.8221087455749512,1.7089946629940053e-05,1.4487759566399985e-05,783.4089732103756,100.0
468,1.5438554286956787,781.1437322448865,3.5176025126494124,783.41371332984,763.3076111859701,100.0,3.2804567950690666,0.1,0.01195669174194336,0.3266441822052002,0.04772654,0.026776824,781.3406095404453,-0.006503489508988117,7.804746510491012,100.0,9600,1.5146880149841309,2.3123375701736996e-05,2.3925880210802126e-05,783.4316404648445,100.0
469,1.6022255420684814,780.8959097264515,3.584981757812431,783.4104399469309,763.2815682893324,100.0,5.443344641278257,0.1,0.012896299362182617,0.30388331413269043,0.04833635,0.016905919,781.296139559046,-0.0064808310916929296,7.802269168908308,100.0,9600,1.6491761207580566,3.988292206420781e-05,4.151575203932803e-05,783.4192979917229,100.0
470,1.5810396671295166,781.1881873857902,3.164163424409662,783.4029500603605,771.3304016774304,100.0,5.145531271099408,0.1,0.011845827102661133,0.31657981872558594,0.048022933,0.019649282,781.2853443417205,-0.006474606436987707,7.805192060229679,100.0,9600,2.0224292278289795,2.82240781093022e-05,2.6907800767777918e-05,783.4461758692219,100.0
471,1.7363855838775635,781.8967600474783,2.657646511432234,783.4073704400787,767.336595338239,100.0,2.967775066417428,0.1,0.015001773834228516,0.29923558235168457,0.049042538,0.020225814,781.3464859122963,-0.006472994735968792,7.812277005264032,100.0,9600,1.8310863971710205,1.4703428497173395e-05,1.350416559772172e-05,783.4398661864681,100.0
472,1.5659356117248535,780.9771240145983,3.0948111554754747,783.4106238045621,767.3180132769276,100.0,4.304977478346124,0.1,0.011826753616333008,0.2737410068511963,0.042235166,0.016175576,781.3095497225265,-0.006501322323171098,7.8030820110101615,100.0,9600,1.680908441543579,2.585407479046778e-05,2.2975261760091094e-05,783.4340955636687,100.0
473,1.5731756687164307,781.6905305827821,2.3619074310269554,783.4002961611152,771.3080240273443,100.0,5.067840974787531,0.1,0.011533260345458984,0.2966761589050293,0.049029056,0.018070577,781.3476478085521,-0.006451311241634419,7.810215355425032,100.0,9600,1.6873724460601807,1.8374882498630756e-05,1.7685537498772945e-05,783.3911991584567,100.0
474,1.5516185760498047,780.9816290849707,3.1483969057960492,783.427883395966,771.3147655567693,100.0,4.829216378918171,0.1,0.01027369499206543,0.33034491539001465,0.04676727,0.016700888,781.311045936194,-0.006455698797879573,7.8031276345354526,100.0,9600,1.8584065437316895,2.6167989571521977e-05,2.5706321355181287e-05,783.4350772324984,100.0
475,1.5644004344940186,781.1095511212488,3.415665108519007,783.4218839538493,767.3106914128377,100.0,3.912953093296571,0.1,0.011806249618530273,0.32340502738952637,0.04424964,0.01073462,781.2908964546995,-0.0064280752540074905,7.804405258079325,100.0,9600,1.942744255065918,2.9750980428683726e-05,2.9640622816784065e-05,783.4163327978283,100.0
476,1.5623619556427002,781.3163040488424,2.9524527199004442,783.4111992612637,771.296392988369,100.0,4.170359877482667,0.1,0.011738300323486328,0.16750264167785645,0.04818521,0.019542472,781.2934372141139,-0.006443470930424741,7.806473195736241,100.0,9600,1.60060715675354,2.4390652058721676e-05,2.502096147148851e-05,783.4309956258419,100.0
477,1.5708863735198975,780.3945357142414,3.8470596119234095,783.4216601374923,763.3219239751799,100.0,4.217276553030337,0.1,0.012781620025634766,0.331695556640625,0.047381822,0.019132057,781.2035470641266,-0.006494794875372688,7.797255205124627,100.0,9600,1.735583782196045,3.948484534963265e-05,4.694673553517716e-05,779.3861694595771,100.0
478,1.7502892017364502,781.6465014056542,2.880272984096423,783.4119706922843,771.3232905043568,100.0,4.168945608661971,0.1,0.013124704360961914,0.33535242080688477,0.04122819,0.014310584,781.2478424982794,-0.0064762342476217824,7.809773765752378,100.0,9600,1.7064449787139893,4.018144434962164e-05,2.2112766304159983e-05,783.3760819992609,100.0
479,1.5688982009887695,781.1044066647754,3.212436053367462,783.4133071404303,767.3387458615665,100.0,4.6453725575370965,0.1,0.012928485870361328,0.3061854839324951,0.049242128,0.019330863,781.233498914929,-0.006479655491960265,7.804353677841373,100.0,9600,1.5797193050384521,2.8487210563383075e-05,2.7661671028406135e-05,783.3875039397084,100.0
480,1.5654356479644775,781.1011224842215,3.3153102540339283,783.4061454515426,763.3098092673159,100.0,4.044226284207776,0.1,0.011899948120117188,0.3032650947570801,0.042846106,0.017240565,781.2202612718582,-0.006512182471877472,7.804321150861455,100.0,9600,2.037029981613159,3.0181964484452944e-05,2.8499287490463093e-05,783.3860046825096,100.0
481,1.5612151622772217,781.5260657156041,3.221229051053694,783.4138317109519,767.2791162697202,100.0,4.9251382437969955,0.1,0.013114452362060547,0.31596875190734863,0.045237888,0.017700518,781.2508417162329,-0.006430140878555924,7.8085698591214445,100.0,9600,1.800156593322754,2.4463207819423823e-05,2.381033370317886e-05,783.4234446364273,100.0
482,1.5770363807678223,781.4406441172296,2.833737815180172,783.4034830635367,771.3535686549312,100.0,4.366977228268966,0.1,0.010164260864257812,0.2922706604003906,0.046716984,0.018394997,781.2698219563326,-0.006449887040097114,7.80771677962657,100.0,9600,1.740569829940796,2.2838796624341183e-05,2.4752156402436622e-05,783.3960057936383,100.0
483,1.5773985385894775,781.6923017124012,2.635658813965782,783.418960287085,771.3031686620038,100.0,5.021849951397821,0.1,0.008335113525390625,0.339153528213501,0.048118528,0.017994883,781.3120699319395,-0.006431334667979694,7.810651998665354,100.0,9600,1.7871193885803223,2.2899388150056017e-05,2.0402811067598817e-05,783.4304483403519,100.0
484,1.5794968605041504,781.5257865735954,3.0596693710647602,783.4202936774003,771.3000489725794,100.0,3.8162780668964476,0.1,0.011862039566040039,0.3226771354675293,0.045757495,0.019546947,781.3334415961051,-0.006430686857495693,7.808569313142503,100.0,9600,1.5568461418151855,2.300034910913404e-05,2.5835703473941672e-05,783.3967844118426,100.0
485,1.6084709167480469,781.698882265029,2.21398447010078,783.4286660719092,775.3448459016015,100.0,4.585698866997778,0.1,0.012791872024536133,0.30022597312927246,0.045228634,0.017981144,781.3699856629976,-0.006367946729242398,7.810298719937424,100.0,9600,1.7959656715393066,1.62181499156097e-05,1.4739003338783684e-05,783.4056304891398,100.0
486,1.7222979068756104,781.4431239815062,3.7986438465633254,783.4192365518178,755.2572942975835,100.0,4.02522509635764,0.1,0.011973381042480469,0.3418745994567871,0.04847184,0.017774874,781.3772994948484,-0.006425737935167738,7.807740928731499,100.0,9600,1.6577317714691162,3.109264638520469e-05,3.403423133407778e-05,783.4262650982653,100.0
487,1.5681076049804688,781.5252487817315,2.9492249586332107,783.4302335895808,767.316789186931,100.0,4.560890470324783,0.1,0.011802434921264648,0.30207276344299316,0.048622143,0.019012252,781.3920944235367,-0.006437559063615053,7.8085624409363845,100.0,9600,1.731778860092163,2.6843298856840395e-05,2.7258161427993845e-05,783.4139714049996,100.0
488,1.5654680728912354,781.2331484079723,3.000812184965621,783.3999529901357,767.3578480471105,100.0,4.820164271944439,0.1,0.011740922927856445,0.3394935131072998,0.046062972,0.019275086,781.3761998219803,-0.006442099367203607,7.8056412339661305,100.0,9600,1.6508169174194336,3.080434262914808e-05,2.6143380199580647e-05,783.4325307587402,100.0
489,1.6065118312835693,781.1886168125606,3.467100440659008,783.4097373339853,759.3447330137891,100.0,4.482862701262091,0.1,0.012992143630981445,0.28780698776245117,0.04853344,0.019433554,781.3574415210384,-0.006470094983222689,7.805196571683443,100.0,9600,1.545391321182251,3.243846378220086e-05,3.062084188349385e-05,783.409404167355,100.0
490,1.5846664905548096,781.1888654776053,4.175529686232673,783.4293606566284,755.2361082911563,100.0,2.225898971788623,0.1,0.012140035629272461,0.3199961185455322,0.048382964,0.017866343,781.3405839166951,-0.006468543477487349,7.805198123189179,100.0,9600,1.8010146617889404,2.8226944523121635e-05,2.9131324342778217e-05,783.4215835791476,100.0
491,1.613701581954956,780.85469647431,3.6316307536786887,783.4165535154164,771.3029092026283,100.0,4.347550646546465,0.1,0.011804819107055664,0.32913899421691895,0.043026105,0.016873026,781.2919951724566,-0.006475858685113564,7.801857474648219,100.0,9600,1.7870006561279297,3.488366144797088e-05,3.877126754830156e-05,783.4270595876528,100.0
492,1.613694429397583,781.8530183194265,2.7888498410778157,783.4007146511941,771.2869615089105,100.0,4.223002316921195,0.1,0.011792182922363281,0.27389979362487793,0.050677203,0.02190193,781.3480974871536,-0.006493604934295768,7.811839728399036,100.0,9600,1.382124662399292,3.172568079540931e-05,2.114607105294985e-05,783.3839384731582,100.0
493,1.6656653881072998,781.6022520404545,2.823626646637541,783.4195638211461,771.332253919819,100.0,4.731554787948357,0.1,0.012875795364379883,0.29973840713500977,0.04855018,0.018973885,781.3735129424837,-0.0065016107132381375,7.809331722620095,100.0,9600,1.7101209163665771,2.0476817461034975e-05,1.8453395185476487e-05,783.3426763923475,100.0
494,1.7357492446899414,781.6860884667982,2.5001574930175257,783.4042782430389,775.314707238325,100.0,4.911061320170237,0.1,0.013217449188232422,0.2996034622192383,0.048223805,0.01948471,781.4047704949152,-0.006496223646468009,7.810170443020198,100.0,9600,1.8488984107971191,1.7543576280663635e-05,1.96329779450514e-05,783.4018200610225,100.0
495,1.5465013980865479,781.6816747077709,2.756318224353509,783.4200938631686,771.3165141978707,100.0,4.239134365489201,0.1,0.013105154037475586,0.28911685943603516,0.047796067,0.016937705,781.4324609162007,-0.006539328586250093,7.810127338080417,100.0,9600,1.9775800704956055,1.7889086940310543e-05,2.041436833152307e-05,783.3714945692657,100.0
496,1.5999770164489746,781.5533924435467,2.827724833583034,783.4073411761184,767.31260777141,100.0,5.022417968350171,0.1,0.011824369430541992,0.29891180992126465,0.0481993,0.01746041,781.4445540689353,-0.006573006917570477,7.808843659749095,100.0,9600,1.6837108135223389,2.676025589957401e-05,2.019631151584492e-05,783.3751971909611,100.0
497,1.5486714839935303,781.2214561399793,2.892339131823849,783.3971370015248,771.2687788389236,100.0,5.151441325530309,0.1,0.011932373046875,0.2712860107421875,0.0487796,0.01746024,781.4222442760397,-0.006559725747415178,7.8055236075859185,100.0,9600,1.509319543838501,2.242989172492836e-05,2.4627365231107073e-05,783.3992779668993,100.0
498,1.6002914905548096,781.6808063062853,2.5681250250906724,783.4013672465982,771.3357273617314,100.0,3.9349696585034875,0.1,0.012975692749023438,0.306854248046875,0.045647338,0.020194113,781.4481004790642,-0.006547412889616521,7.810119253777049,100.0,9600,1.641775369644165,1.6513630352950948e-05,2.465519946298838e-05,783.3783365750471,100.0
499,1.5972628593444824,780.675789131139,3.554625819198038,783.3991563497351,767.271538840129,100.0,3.824483149981428,0.1,0.012971162796020508,0.30501556396484375,0.047411017,0.016735842,781.3708693442718,-0.0065983749228688245,7.8000682917437985,100.0,9600,1.6993789672851562,5.059181453926636e-05,3.215326178456689e-05,783.3432075765813,100.0
500,1.6380512714385986,780.9274847058335,3.2449542856427147,783.3945814363885,771.3039803563053,100.0,5.447391853593264,0.1,0.014035463333129883,0.29329442977905273,0.04762564,0.017683422,781.326530880428,-0.0065811344553336855,7.802585532211332,100.0,9600,1.8579139709472656,2.6190609638806825e-05,2.5429010771478155e-05,783.4299163124534,100.0
501,1.7465415000915527,781.5983618850272,2.577187710360455,783.4131880938047,775.3086319023091,100.0,4.468883982328235,0.1,0.011246442794799805,0.3023860454559326,0.047871947,0.023135455,781.353713980888,-0.006539567908188014,7.809293765425146,100.0,9600,1.98142671585083,1.7569538166935106e-05,1.606670728081234e-05,783.3708830288582,100.0
502,1.6059598922729492,781.5929142467421,2.822185542797872,783.4195877503306,771.3368050542197,100.0,4.740530091550532,0.1,0.011826515197753906,0.2834806442260742,0.046954073,0.011043474,781.3776340074735,-0.006594366284661872,7.809238967048671,100.0,9600,1.5015692710876465,1.713445684773035e-05,1.7088572773160454e-05,783.3839794828293,100.0
503,1.6184227466583252,781.3844332804198,3.3773654764091128,783.403344081093,763.2899059866247,100.0,4.484588699373933,0.1,0.012108325958251953,0.2879374027252197,0.045227464,0.017283559,781.3783139347681,-0.006595676743125121,7.807154323256874,100.0,9600,1.7929940223693848,2.7435361623427567e-05,2.745398435665312e-05,783.4006108389649,100.0
504,1.5997285842895508,781.5503752448757,2.641795679930039,783.3903270775979,771.298348040875,100.0,5.389702959665419,0.1,0.008569002151489258,0.253587007522583,0.04775032,0.016265865,781.395520065779,-0.006602325915030009,7.8088143407516375,100.0,9600,1.4661281108856201,1.9300243086099543e-05,1.864453613166272e-05,783.4036395460953,100.0
505,1.5460805892944336,781.2642063405228,3.518462864011496,783.4104597916846,759.3132122310935,100.0,5.371288332366722,0.1,0.01280522346496582,0.32431650161743164,0.046182055,0.013028424,781.3823886932535,-0.006547421508303386,7.805952578491696,100.0,9600,1.4098305702209473,3.020127338639962e-05,3.5994485687570594e-05,783.3851205789674,100.0
506,1.590869426727295,781.3031387447605,3.0650485584175495,783.3966370082192,771.2706698589532,100.0,4.4690404610049566,0.1,0.011986970901489258,0.2849161624908447,0.046968542,0.01824127,781.3744636984043,-0.006574353251812653,7.806758980081521,100.0,9600,1.9587831497192383,2.697125640245349e-05,3.314575480989228e-05,783.3970668716219,100.0
507,1.574343204498291,781.4243232388836,3.064935415044604,783.4156499895291,771.3214713733507,100.0,3.4698122382875187,0.1,0.00882720947265625,0.32010626792907715,0.046794407,0.07713933,781.3794496524522,-0.006614384470816563,7.80755228219585,100.0,9600,1.9536285400390625,3.575501643821742e-05,2.2937492815613253e-05,783.3855975273534,100.0
508,1.733168125152588,781.6426853458776,2.880340001447367,783.3945042763593,767.3167071334909,100.0,4.588546646152925,0.1,0.013532161712646484,0.29700160026550293,0.045364328,0.0169182,781.4057732217948,-0.006512577573405198,7.809737422426596,100.0,9600,1.9581260681152344,2.5790567708417293e-05,2.561328177451639e-05,783.3938979646333,100.0
509,1.569026231765747,781.2650725926161,2.893174160899677,783.3944553683224,771.2969301630668,100.0,5.206902383598486,0.1,0.011804819107055664,0.3120589256286621,0.042084917,0.010858246,781.391703158877,-0.006539187546781723,7.805960812453218,100.0,9600,1.6788208484649658,2.272235140400177e-05,2.293556045164923e-05,783.4408989108688,100.0
510,1.5810370445251465,781.2673581007658,2.6558067679731887,783.4042533100022,771.3135611326494,100.0,4.081555805167425,0.1,0.022791147232055664,0.313767671585083,0.047010537,0.020706974,781.379268653066,-0.006515235954973143,7.805984764045028,100.0,9600,1.9346871376037598,2.3093301580377496e-05,2.2447138634198536e-05,783.4162730160177,100.0
511,1.582845687866211,780.3064747406269,4.036083561165331,783.4076214809589,767.3397202698612,100.0,3.0700828761057757,0.1,0.012756824493408203,0.34083032608032227,0.049226683,0.016251432,781.2719892618221,-0.006541663641616649,7.796375003025049,100.0,9600,2.1094655990600586,2.9425660625163945e-05,3.086966386320866e-05,783.4103161098609,100.0
512,1.611875295639038,781.603362493565,2.704357397173302,783.4142096854931,771.3310763081104,100.0,4.428931127862091,0.1,0.011794567108154297,0.29346299171447754,0.04683465,0.018014275,781.3051265849964,-0.006487681990341748,7.809762318009658,100.0,9600,1.6205804347991943,2.617014092033777e-05,1.904584362124569e-05,783.4027350653523,100.0
513,1.5754849910736084,780.8493107640753,3.1820643902911843,783.400304248016,771.2839776307683,100.0,4.7424811339400215,0.1,0.008176326751708984,0.3186912536621094,0.048910823,0.019903326,781.2595450029044,-0.006530456099773211,7.80180287723356,100.0,9600,1.8081738948822021,3.1165813251731044e-05,2.8623706056614305e-05,783.3922889923543,100.0
514,1.5882751941680908,781.4359302749405,3.113264724316056,783.408464744962,767.3182948858048,100.0,4.589626736662035,0.1,0.011854171752929688,0.29389119148254395,0.049070064,0.019153193,781.277183530108,-0.006497894156250533,7.807668772510417,100.0,9600,1.7016916275024414,2.864755144193497e-05,2.6354223737169124e-05,783.382941637168,100.0
515,1.6915342807769775,780.9750095140356,3.2016032518356123,783.4048727405823,771.270145130845,100.0,4.523060493609285,0.1,0.0130767822265625,0.29926395416259766,0.047314968,0.019975223,781.2469661285008,-0.006524371999046221,7.803058961334287,100.0,9600,1.766303300857544,2.504909678793914e-05,2.7399223531122824e-05,783.3845276550392,100.0
516,1.7061045169830322,781.3869291085006,2.7149478805674385,783.3959292001625,775.2847457451346,100.0,4.490247826316938,0.1,0.01298379898071289,0.2388293743133545,0.04907565,0.019678243,781.2609624265009,-0.006569953566598979,7.807180046433401,100.0,9600,2.265859603881836,2.4295051575064068e-05,2.094277005246962e-05,783.3835633318236,100.0
517,1.579585313796997,782.014629780071,2.143355905351246,783.4168922057551,775.3057787162578,100.0,5.297364521387911,0.1,0.01180410385131836,0.30518007278442383,0.043810166,0.014525311,781.336329161858,-0.006544802002426234,7.813455197997573,100.0,9600,2.074411153793335,1.3627427658770993e-05,1.0977626960292173e-05,783.3835262852832,100.0
518,1.588684320449829,781.2183528675363,3.108235121535107,783.4170491570312,771.3676426712533,100.0,4.803237257908013,0.1,0.020136356353759766,0.27831029891967773,0.049616035,0.01640537,781.3245315324258,-0.0065899324310541236,7.80549340090228,100.0,9600,1.5951817035675049,3.027675025505714e-05,2.9261387117673773e-05,783.3680700305215,100.0
519,1.5868875980377197,781.515985223535,2.9483041571304747,783.4062826489898,771.3012341745954,100.0,4.1030339172522226,0.1,0.01199030876159668,0.26308727264404297,0.04797025,0.021460397,781.3436769015368,-0.00653064149034533,7.8084693585096545,100.0,9600,1.6835482120513916,1.847511097931778e-05,2.5377256908565776e-05,783.3677023104532,100.0
520,1.5688979625701904,781.5161723719253,3.2715765199676063,783.4004500432585,771.2747219172355,100.0,4.775332041824938,0.1,0.014448165893554688,0.32362890243530273,0.0465774,0.018244674,781.3609264485757,-0.0065281282040086765,7.808471871795991,100.0,9600,1.9482979774475098,2.8717495184424728e-05,2.391232093521037e-05,783.3739766906781,100.0
521,1.6073949337005615,781.9805234168522,2.2288599116150647,783.4107321510645,775.3210752152556,100.0,3.9080092030232683,0.1,0.01290440559387207,0.3229219913482666,0.047134627,0.02054287,781.4228861454034,-0.006468266033388663,7.813115067299944,100.0,9600,1.6235413551330566,1.4146634259915366e-05,1.4939692130344171e-05,783.3837652083217,100.0
522,1.5839614868164062,781.679393460779,2.5626990740875284,783.3961144371041,771.3245599177372,100.0,4.605104556946544,0.1,0.01379704475402832,0.3261582851409912,0.04812758,0.019842882,781.4485368769409,-0.006563031987367436,7.8101036346793,100.0,9600,1.368584394454956,1.7534582756766896e-05,1.6581517514724948e-05,783.4017189253096,100.0
523,1.5997631549835205,781.4342692831477,3.061020204193788,783.4157470361926,767.3052920324141,100.0,4.492100134187973,0.1,0.013333320617675781,0.2686607837677002,0.048211955,0.017440325,781.4471101175616,-0.006514627207607061,7.80765203945906,100.0,9600,1.6639063358306885,2.71814404014986e-05,2.742909721778645e-05,783.3607780963489,100.0
524,1.7180070877075195,781.8101668749865,2.342703629854071,783.4212599111743,775.3184131333535,100.0,4.548441965858634,0.1,0.01312565803527832,0.28153252601623535,0.04814699,0.017078558,781.4834157933041,-0.006505323934403785,7.811411342732264,100.0,9600,1.7008659839630127,1.9167929707383316e-05,1.53532483132898e-05,783.4225187035704,100.0
525,1.6146314144134521,781.2641768224397,3.22282620999919,783.4101463201653,771.3016604447864,100.0,5.11905198211714,0.1,0.012774229049682617,0.2933816909790039,0.04900651,0.016122947,781.4614918962177,-0.006548297857730058,7.80595170214227,100.0,9600,1.7413523197174072,3.135545181162996e-05,3.172403236521538e-05,783.3796669152304,100.0
526,1.5645432472229004,781.3415893178276,3.4714135601036635,783.4098368604891,767.3138467000783,100.0,4.24208012134579,0.1,0.012819528579711914,0.30446481704711914,0.04552873,0.016509943,781.4495016383787,-0.0066086448292878505,7.806724688504045,100.0,9600,1.7872388362884521,2.871624593102866e-05,2.6016922831029664e-05,783.3920652298989,100.0
527,1.556976079940796,780.8024536348343,3.5755384430320847,783.401838773837,771.2814123317729,100.0,5.012474620002272,0.1,0.011811494827270508,0.3148040771484375,0.048568286,0.018020399,781.3847968380243,-0.006582156033785404,7.8013345106328815,100.0,9600,1.5876727104187012,3.379329100887181e-05,3.261184036412554e-05,783.3516159234621,100.0
528,1.5723233222961426,781.2169119771148,3.423983286175008,783.432905996417,767.2743529500724,100.0,4.607750621807933,0.1,0.012859582901000977,0.28640174865722656,0.0468568,0.01615012,781.3680083519333,-0.006603718918600637,7.8054796144147325,100.0,9600,1.8233356475830078,3.0056442423675178e-05,3.066324051120443e-05,783.4016197877713,100.0
529,1.5724289417266846,781.5512155576498,2.705603879800669,783.3915053782741,771.3295422573135,100.0,4.004053278163463,0.1,0.010634183883666992,0.2828395366668701,0.047399443,0.018692324,781.3863290725051,-0.006593754029291583,7.809239579304041,100.0,9600,1.7336463928222656,1.9823437348034412e-05,1.8420361836401614e-05,783.4148159167975,100.0
530,1.601093053817749,781.3919988249377,2.7744896724769874,783.3971747364577,771.2902813502475,100.0,4.062897961773802,0.1,0.011819839477539062,0.2523946762084961,0.047939822,0.021125756,781.3868960477485,-0.00652017860016466,7.807229821399836,100.0,9600,1.6485509872436523,2.0550818042319273e-05,2.213759176081561e-05,783.4252549276368,100.0
531,1.6244323253631592,781.0938838535899,3.105863268087481,783.4198636503036,771.3119822910671,100.0,4.155407084243153,0.1,0.011764764785766602,0.3072059154510498,0.04612871,0.017355548,781.3575948283326,-0.006584933071326225,7.804248400262007,100.0,9600,1.9836134910583496,2.706640575631419e-05,2.688918229416108e-05,783.4269047520837,100.0
532,1.7027404308319092,781.6025656990961,2.705902666495128,783.409052100412,771.3246620425384,100.0,4.028744240750233,0.1,0.011962890625,0.23668456077575684,0.048080623,0.01977848,781.382091915409,-0.006497616146218012,7.809335717187115,100.0,9600,1.9151947498321533,2.3116895974332264e-05,1.606349902089842e-05,783.406431307816,100.0
533,1.6052250862121582,781.348999591085,2.776088242319653,783.4007662162473,771.3177417367334,100.0,4.697237861113601,0.1,0.011780023574829102,0.27187228202819824,0.048186455,0.017526967,781.3787826829766,-0.006533587214687046,7.806799746118647,100.0,9600,1.8831534385681152,1.936352175486681e-05,2.1680554108991498e-05,783.4146737655072,100.0
534,1.6183693408966064,780.9681973348348,3.1498204888550743,783.407936209466,771.3115658224955,100.0,4.197944897544689,0.1,0.012926340103149414,0.3285999298095703,0.041688222,0.01638146,781.3377241481625,-0.006591834973009623,7.802991498360323,100.0,9600,2.5161001682281494,2.9853293241553676e-05,2.9924471845998078e-05,783.3725631027577,100.0
535,1.5845057964324951,781.2202901140881,2.770767102153433,783.3995125194245,771.3116131076529,100.0,4.767255947734825,0.1,0.012824296951293945,0.26981401443481445,0.047457173,0.014840036,781.325980744755,-0.006570640548865918,7.805512692784467,100.0,9600,1.574774980545044,2.1434229488669226e-05,1.9142218847817666e-05,783.3612129440801,100.0
536,1.581777572631836,781.2239391594385,3.1159737420991585,783.4291066147312,767.3447692683749,100.0,4.318205816989174,0.1,0.013370037078857422,0.31519460678100586,0.04319038,0.015915671,781.3157765862234,-0.00653366366799437,7.805549669665339,100.0,9600,1.558264970779419,2.6861155050485715e-05,2.7170109051565452e-05,783.3931937855625,100.0
537,1.5959405899047852,781.1768607885551,3.3221810171506094,783.4067972873735,767.3490705003659,100.0,2.9973390687672703,0.1,0.011896371841430664,0.27988481521606445,0.048631117,0.015831558,781.3018850064566,-0.006588088266896038,7.80507857839977,100.0,9600,1.7858633995056152,2.5718982542182025e-05,2.634358732353908e-05,783.4374266363046,100.0
538,1.5659613609313965,781.3894435825417,2.8962572640500275,783.395141166369,771.2932699073647,100.0,3.9037982780917613,0.1,0.013020753860473633,0.3123962879180908,0.04544688,0.0207185,781.3106408640651,-0.006547649293628828,7.807202350706372,100.0,9600,1.7007975578308105,2.309445570969918e-05,2.0789862105406005e-05,783.3993981907605,100.0
539,1.75046706199646,781.3500062259682,2.8927818548564317,783.4130348475396,771.3109158911589,100.0,4.516171238899503,0.1,0.011869668960571289,0.2557706832885742,0.047088396,0.018880887,781.3145774002555,-0.006522681758827933,7.806810651574505,100.0,9600,1.608609914779663,2.407135922340687e-05,2.3850253266624507e-05,783.4167373888274,100.0
540,1.5683271884918213,781.6355036855226,3.105098569331004,783.4067744539977,767.3232985544389,100.0,4.764007157118048,0.1,0.011936664581298828,0.27999091148376465,0.046923395,0.01665332,781.3466700287822,-0.006583775974805128,7.809666224025194,100.0,9600,1.5690948963165283,2.6000894147860515e-05,2.7640868152449573e-05,783.363107576798,100.0
541,1.5607492923736572,781.0907053955817,3.3625630917163445,783.3975949682913,767.3227098791037,100.0,3.958365624471473,0.1,0.013085365295410156,0.3142127990722656,0.046713416,0.0174309,781.3210735654621,-0.006614923354137485,7.804635076645862,100.0,9600,1.7424399852752686,3.280217164349257e-05,3.1364760676573996e-05,783.3477165169149,100.0
542,1.5965652465820312,781.2229954591909,2.8860776998799658,783.4105090503987,771.3247749370386,100.0,4.328123529046241,0.1,0.011893272399902344,0.2808194160461426,0.048216254,0.022275096,781.3112657548351,-0.006543212155634311,7.8055401211777,100.0,9600,1.6055355072021484,1.8970002552769468e-05,1.953195088542755e-05,783.3971817439051,100.0
543,1.6378581523895264,781.9310251587546,2.6533326888571946,783.4036667492611,771.3144641635579,100.0,4.830646651737264,0.1,0.013915777206420898,0.2918577194213867,0.050047074,0.018733777,781.3732416952271,-0.006544881514392528,7.81303845181894,100.0,9600,1.810957670211792,1.7524325323093978e-05,1.4677037285407917e-05,783.4367331038491,100.0
544,1.5852203369140625,781.6401019224987,2.634128969707228,783.3988858934086,771.3655641162834,100.0,4.223211699586188,0.1,0.01290440559387207,0.29349780082702637,0.045241177,0.01742696,781.3999277179543,-0.006536859891232541,7.809713140108767,100.0,9600,1.7589454650878906,1.831889578245062e-05,1.9149919340821914e-05,783.3957585093552,100.0
545,1.5838043689727783,781.2612209359698,3.8811882380230887,783.4159116473957,759.3009944952147,100.0,4.6109275005617265,0.1,0.012929201126098633,0.33023667335510254,0.043757252,0.01597293,781.3860570397559,-0.006578252652041143,7.805921747347959,100.0,9600,1.6775755882263184,3.7582910156777826e-05,4.345415613941411e-05,783.4258871972968,100.0
546,1.6894633769989014,781.5918233557923,2.8212655100910102,783.4083705567825,771.3388729515341,100.0,3.3311972125465052,0.1,0.012881278991699219,0.3007035255432129,0.04580025,0.025221374,781.4066336713595,-0.0066035196890072145,7.809229813644326,100.0,9600,1.3959612846374512,2.529527206874587e-05,2.131779045308232e-05,783.3991098977857,100.0
547,1.775740623474121,781.4690926176763,3.16832078635103,783.4114895561852,767.3109871193083,100.0,5.406282383714207,0.1,0.013115167617797852,0.3260843753814697,0.047985878,0.019337108,781.4128795659911,-0.006581139082756653,7.808002194250577,100.0,9600,1.483729362487793,2.9642229588067502e-05,2.6838834416519027e-05,783.419198004766,100.0
548,1.5577609539031982,781.0926463014247,2.943515785647177,783.4203632247417,771.3055921592596,100.0,4.276140765232983,0.1,0.018064498901367188,0.32161641120910645,0.042920012,0.019326894,781.3808562395345,-0.006597255053532529,7.804236078279801,100.0,9600,1.7762653827667236,2.0953742772685878e-05,1.99182314591269e-05,783.4052486624238,100.0
549,1.5790066719055176,781.5536556494332,2.830166125822618,783.4053304668063,771.2816879652878,100.0,4.322145802121728,0.1,0.014225244522094727,0.300173282623291,0.04747985,0.017007455,781.3981361805244,-0.0065698224513315515,7.808846844215336,100.0,9600,2.0332767963409424,1.9714985459719793e-05,2.1527999521284074e-05,783.4375950490551,100.0
550,1.5679473876953125,781.3890467174568,3.0654206395120394,783.4035918191476,771.3052144090376,100.0,3.9434616565012393,0.1,0.011769294738769531,0.32706594467163086,0.045234635,0.019723121,781.3972272342176,-0.0065497695108502245,7.80720023048915,100.0,9600,2.2138030529022217,3.1720224931639925e-05,2.6611775349825566e-05,783.4241145364741,100.0
551,1.598069429397583,781.3052622129889,2.9507324273700726,783.398052274777,771.3108877145122,100.0,4.534587218642413,0.1,0.011371135711669922,0.28909730911254883,0.046548113,0.018444734,781.3880307320946,-0.0065532405331985835,7.806363426133468,100.0,9600,1.562312126159668,1.9819238093730852e-05,1.940454319910981e-05,783.393698916086,100.0
552,1.5904459953308105,781.4677975231731,3.1168469569573785,783.4069333117775,767.2925251143727,100.0,4.067206954139494,0.1,0.012907981872558594,0.3119502067565918,0.04388743,0.016687088,781.3960074112025,-0.006594695684286757,7.807988637649046,100.0,9600,1.8211112022399902,2.0164266439503607e-05,1.9813363226460867e-05,783.378149669357,100.0
553,1.5628538131713867,781.8047795759779,3.3953818781735405,783.4019274383277,759.2487254294675,100.0,3.908958961167422,0.1,0.012846708297729492,0.2993202209472656,0.04130009,0.016707057,781.43688462768,-0.006559130588316254,7.81135753607835,100.0,9600,1.7261219024658203,3.914986691118868e-05,3.981335496215066e-05,783.419066649576,100.0
554,1.590214490890503,781.6813770571052,2.566043843148295,783.4136808994464,771.3447972720072,100.0,4.592921668984719,0.1,0.012855052947998047,0.32122325897216797,0.04807284,0.016924407,781.4613338706226,-0.00654245314345878,7.810124213523207,100.0,9600,1.7591159343719482,1.6388959449512128e-05,1.5018776249516369e-05,783.4109507540195,100.0
555,1.7091355323791504,781.3902150819723,2.835228937181881,783.4040409544103,771.3174819049808,100.0,4.106707601210193,0.1,0.010851144790649414,0.3128526210784912,0.047342714,0.020875843,781.4542219917575,-0.00653721205729137,7.807212787942709,100.0,9600,2.112351179122925,2.261348149215124e-05,2.1508504045541438e-05,783.3810131602893,100.0
556,1.5444056987762451,781.6355491177484,2.695484110880145,783.4019217557264,771.3394885997754,100.0,3.928766429987437,0.1,0.011681318283081055,0.33649706840515137,0.04894986,0.017086154,781.4723547043566,-0.006584987852956686,7.809665012147043,100.0,9600,1.8677036762237549,1.6276138189695965e-05,1.5139976596725511e-05,783.4381626404829,100.0
557,1.6227192878723145,781.5558293214781,2.706596622848341,783.4025772680809,771.3135247811094,100.0,4.425314883318994,0.1,0.012975215911865234,0.289233922958374,0.04625298,0.01750451,781.4807021660688,-0.006546879651081461,7.808869787015586,100.0,9600,1.6113054752349854,2.0287931007674567e-05,2.1176764599481587e-05,783.4279908168902,100.0
558,1.599973201751709,781.5977752284801,2.8842285047446157,783.4067774137678,771.2849071586545,100.0,3.6519862593439236,0.1,0.012964010238647461,0.32717347145080566,0.04463548,0.020027515,781.49240947231,-0.006545145577802201,7.809288187755532,100.0,9600,1.7620713710784912,1.8385553327078676e-05,2.570573671806907e-05,783.3737606903934,100.0
559,1.5734179019927979,781.4303841335153,3.177150641528531,783.4084027982457,767.2513727801712,100.0,4.0585795988095,0.1,0.013075828552246094,0.31000852584838867,0.040354274,0.016469475,781.4862069384305,-0.006552824474151756,7.807613842192514,100.0,9600,2.244840383529663,3.9672370709471904e-05,2.8119771235544235e-05,783.4274004728433,100.0
560,1.5631511211395264,781.0583992204952,2.9970663824669606,783.4055346076043,767.298020771483,100.0,4.691773629396044,0.1,0.011969566345214844,0.3282291889190674,0.047128063,0.018624265,781.4434261666371,-0.006522044950259783,7.803894621716407,100.0,9600,1.6751315593719482,2.1030610355067418e-05,2.1957690872576792e-05,783.3689491597767,100.0
561,1.55513334274292,781.3009752720436,2.6482105977763677,783.3996587770846,771.3354139140223,100.0,4.86993081939756,0.1,0.012972116470336914,0.2768406867980957,0.049318515,0.022739021,781.4291810771778,-0.006597231752198973,7.806319434914468,100.0,9600,1.8122022151947021,2.097415622183522e-05,2.0987427156346208e-05,783.3955079798862,100.0
562,1.5928680896759033,782.102804150673,2.3427781932673026,783.434603782354,771.3269424638253,100.0,3.8293692311924854,0.1,0.012848854064941406,0.2932100296020508,0.047351066,0.023963032,781.4965433845273,-0.006495549710422145,7.814337783622911,100.0,9600,2.080596446990967,1.176616247522588e-05,1.3940783015567199e-05,783.4069347077852,100.0
563,1.7750821113586426,781.3875868281533,3.0614225257866554,783.4190729630194,767.3205676023082,100.0,4.637171393722741,0.1,0.013978004455566406,0.2966923713684082,0.04851468,0.019786894,781.48564772889,-0.0065639857893780755,7.807186014210622,100.0,9600,1.583042860031128,3.7991799479445105e-05,2.9371348817587188e-05,783.4012797515823,100.0
564,1.5581765174865723,781.1791555875603,2.514030685579008,783.3864026946121,775.2991794185697,100.0,3.849871784831599,0.1,0.01278233528137207,0.29902124404907227,0.03913159,0.014945296,781.454998514757,-0.006563469837946474,7.80510319682872,100.0,9600,1.5128333568572998,1.8398499026179536e-05,1.79796506022771e-05,783.4174749889823,100.0
565,1.5885818004608154,781.6778103131801,2.5007751016169713,783.4155264932472,775.3094789894092,100.0,4.297133508377556,0.1,0.012806892395019531,0.293567419052124,0.046817333,0.019207392,781.4772796945992,-0.0065788572140627844,7.810087809452604,100.0,9600,1.8377876281738281,1.9295528174501772e-05,1.8418315028129002e-05,783.4017025336225,100.0
566,1.6037685871124268,781.3839127636652,3.5699287949028236,783.416862223961,759.2739099671737,100.0,4.605421562039699,0.1,0.01805901527404785,0.25324416160583496,0.045678277,0.01702188,781.4679430015059,-0.006600951178322216,7.807149048821678,100.0,9600,1.685777187347412,2.719212242684069e-05,2.6613116390357622e-05,783.3690063030162,100.0
567,1.5851309299468994,781.3016513481201,3.2226296201790667,783.394402965077,767.3169644624566,100.0,3.89566223936015,0.1,0.012945413589477539,0.3058192729949951,0.04850331,0.01872522,781.4513138361674,-0.00658854792352303,7.806328118743143,100.0,9600,2.1655385494232178,2.0017768273737432e-05,2.071662318928817e-05,783.3934048134156,100.0
568,1.59454345703125,781.5545883412342,2.445958556602486,783.4066818502693,771.3837330932503,100.0,4.33262351527242,0.1,0.008997201919555664,0.30124998092651367,0.048953827,0.02159588,781.4616412866742,-0.006560219754848172,7.808856446911818,100.0,9600,1.4329578876495361,1.5536680513606452e-05,1.4456508903360392e-05,783.4158703834631,100.0
569,1.5933773517608643,781.7203765761016,2.9271719737715576,783.38657984676,767.3141902770654,100.0,5.241263424361033,0.1,0.011849164962768555,0.3023204803466797,0.044918157,0.016516143,781.487514815617,-0.006569594860486008,7.810513738472847,100.0,9600,1.3829939365386963,2.1905407941057214e-05,2.3400237405317017e-05,783.4148350518107,100.0
570,1.660482406616211,781.7222187161154,2.5579379934644004,783.3944027221287,771.3139035592876,100.0,4.504632493004698,0.1,0.012903451919555664,0.3026745319366455,0.046458293,0.018925576,781.5109852056669,-0.006550724088416091,7.810532609244916,100.0,9600,1.813951015472412,1.8994131082576056e-05,2.0223380232969475e-05,783.4122587510444,100.0
571,1.5954220294952393,781.8063336078671,2.480521304244273,783.4092506344466,771.3573524563968,100.0,4.200297003783278,0.1,0.00833439826965332,0.2584059238433838,0.049197234,0.024838,781.540520045887,-0.006542791475292274,7.811373875191375,100.0,9600,1.4963064193725586,2.1449562636340235e-05,2.1508508957210634e-05,783.3876196504776,100.0
572,1.5682156085968018,781.639798362788,2.932862086781321,783.410312669691,767.3335911557115,100.0,4.698714624943256,0.1,0.01302480697631836,0.21790719032287598,0.047666926,0.015625099,781.5504478775771,-0.006542293780616073,7.809707706219385,100.0,9600,1.5492255687713623,2.5705630546744177e-05,2.7425750878164282e-05,783.3983665736195,100.0
573,1.5734877586364746,780.9761169491208,2.98792444331218,783.4123748557184,771.292912067159,100.0,4.011356794282702,0.1,0.013858795166015625,0.32122182846069336,0.047622625,0.019915802,781.4930147847315,-0.006511474885056018,7.803071858448277,100.0,9600,1.9317951202392578,3.274918354667019e-05,2.3526757310887786e-05,783.4126441767106,100.0
574,1.5966715812683105,781.3024190545799,3.4272479521414825,783.3980829416954,767.2744006792371,100.0,4.987223832794822,0.1,0.013018131256103516,0.32778453826904297,0.04751549,0.019160144,781.4739552117163,-0.006582797062272906,7.806333869604394,100.0,9600,1.2398524284362793,3.2680839132274414e-05,3.3033058223773554e-05,783.423152704084,100.0
575,1.5696790218353271,781.9365201897745,2.389409153947281,783.4134070581885,775.3046229405844,100.0,4.665775390834529,0.1,0.008222103118896484,0.32629871368408203,0.04773372,0.016924506,781.5202117095222,-0.006492017869649684,7.812674648797017,100.0,9600,1.5678822994232178,1.4899144925683368e-05,1.766785759528377e-05,783.4375086395393,100.0
576,1.5773305892944336,781.8947530333493,2.8451846644683942,783.4109904125132,771.31272506773,100.0,4.232134941766697,0.1,0.011990070343017578,0.30920839309692383,0.043162744,0.013225784,781.5576658419048,-0.006490959614755108,7.812259040385245,100.0,9600,1.5668809413909912,2.0898152912135474e-05,1.7627733218080244e-05,783.4080398343675,100.0
577,1.6720325946807861,781.725907590387,2.6256281459932267,783.4195780058368,771.3064080722477,100.0,5.3934034775568405,0.1,0.008860588073730469,0.29259800910949707,0.048315935,0.016668579,781.5744900167531,-0.006514866004931376,7.810568467328402,100.0,9600,1.556868076324463,2.1910289178575005e-05,2.405941116352344e-05,783.3937978557946,100.0
578,1.7375633716583252,781.5126942059187,2.827073447183318,783.4087573649247,771.3207994328568,100.0,4.171794519801987,0.1,0.012830257415771484,0.3094658851623535,0.04960592,0.022181198,781.5683104356697,-0.006562931580831354,7.8084370684191695,100.0,9600,1.2916653156280518,2.551022038665104e-05,2.6833470478804528e-05,783.3950498561676,100.0
579,1.5628111362457275,781.7212140397575,2.6952712426252505,783.4147702620852,771.3181193710919,100.0,4.585563486902636,0.1,0.01178598403930664,0.3140554428100586,0.049641836,0.020575035,781.5836007960785,-0.006559924726605673,7.810523408606728,100.0,9600,2.0280888080596924,2.2821983641627084e-05,1.954250172233352e-05,783.3887214416269,100.0
580,1.5567800998687744,781.7165028928484,2.870728821813985,783.409364981155,767.3043186339087,100.0,4.409520762406516,0.1,0.008595943450927734,0.29474401473999023,0.04960134,0.01844975,781.5968910057554,-0.006607933316319571,7.8104754000170145,100.0,9600,1.790344476699829,1.8467393880164414e-05,1.9847427284809187e-05,779.4006556325716,100.0
581,1.5700113773345947,781.2560400435447,2.7757589308445305,783.4074993884419,775.2921060001466,100.0,4.399023570547893,0.1,0.012857675552368164,0.1883857250213623,0.045069072,0.017082885,781.5628059095344,-0.006630029778635056,7.805869970221366,100.0,9600,2.104300022125244,2.3332350521554375e-05,3.050652545672485e-05,783.3942502734193,100.0
582,1.5766496658325195,781.4655265790225,2.7099390932044,783.4003369158061,771.3034774699239,100.0,4.717749227108754,0.1,0.012886285781860352,0.2552351951599121,0.049140956,0.01823488,781.5530779764832,-0.006617638446454438,7.807965694886878,100.0,9600,1.6907262802124023,2.3383198872495603e-05,1.8871386312620883e-05,783.4274281689782,100.0
583,1.5415105819702148,781.7990308986388,2.8584121982110577,783.3984506394236,767.311552223098,100.0,4.0033527698345885,0.1,0.012814521789550781,0.27872776985168457,0.044326123,0.017752154,781.5776732686987,-0.00661594269290115,7.8113007239737655,100.0,9600,1.727187156677246,1.8030207926759684e-05,1.8259924839132068e-05,783.3988930408971,100.0
584,1.5692682266235352,781.683100022432,2.8177457759641253,783.4174610814381,767.3341802513113,100.0,3.505663553105515,0.1,0.01192331314086914,0.29367542266845703,0.04019606,0.016171359,781.5882159440721,-0.00652586595476187,7.810140800711905,100.0,9600,1.7285027503967285,1.8680052641510367e-05,2.0696862945431095e-05,783.3971011509506,100.0
585,1.6942074298858643,781.8869387296758,2.7190348314581527,783.4029315133163,767.3021230724155,100.0,4.129280953054107,0.1,0.012869119644165039,0.28606605529785156,0.044549756,0.017423889,781.6180882226324,-0.006570850091644526,7.8121791499083555,100.0,9600,1.4272496700286865,2.053269242213355e-05,1.8198290835466073e-05,783.3906300925131,100.0
586,1.750753402709961,781.262021658857,3.0619944003742554,783.3949640574319,767.2885319980901,100.0,4.9985162466217234,0.1,0.012859106063842773,0.29633021354675293,0.048420988,0.016962856,781.582481566255,-0.006569454122127376,7.805930545877874,100.0,9600,1.7869493961334229,2.5662838252369918e-05,2.6088761373957785e-05,783.3895571528568,100.0
587,1.5994956493377686,782.0966742420178,2.190564676356514,783.4122749314868,775.3111289921413,100.0,3.8248193545906495,0.1,0.016823530197143555,0.3029334545135498,0.04640013,0.021070108,781.6339008338313,-0.00655710766159107,7.814276225671741,100.0,9600,1.4385578632354736,1.6297434012481546e-05,1.5379672188644274e-05,783.3741609936466,100.0
588,1.5560803413391113,781.9271910373383,2.890654811368986,783.3961042903801,767.3287952879845,100.0,4.357788584170723,0.1,0.012539863586425781,0.2727229595184326,0.04980636,0.020067858,781.663229854182,-0.006583794553046615,7.8125828721136195,100.0,9600,2.1032426357269287,2.1942201234578955e-05,2.1753535369453366e-05,783.3701875123734,100.0
589,1.575223445892334,781.3824556907753,2.953742509860942,783.4026498760796,767.2187616694564,100.0,4.314699193755927,0.1,0.012775659561157227,0.2689807415008545,0.04860209,0.020647814,781.6351524378413,-0.006616636139250866,7.807133363860749,100.0,9600,2.1908516883850098,2.571985614290262e-05,2.3667926840807714e-05,783.3760606578592,100.0
590,1.6325531005859375,781.6396255422848,2.700222919333288,783.3864097860196,771.2935933273669,100.0,4.20065972178038,0.1,0.01394200325012207,0.2898750305175781,0.049239587,0.017368393,781.6355997482856,-0.006543373343977569,7.809706626656022,100.0,9600,1.3804056644439697,1.9155265219461344e-05,2.1386421963232342e-05,783.3468055363617,100.0
591,1.580904483795166,781.5161136215256,2.8329246522171525,783.4039057356233,767.2765512955698,100.0,3.448651243765084,0.1,0.013257980346679688,0.33276987075805664,0.046016898,0.02077728,781.6236511356096,-0.006529009455502765,7.808470990544497,100.0,9600,1.7866530418395996,2.144655340219332e-05,2.1433130213570676e-05,783.3926542113384,100.0
592,1.5799429416656494,781.4325571140145,3.1147099890732814,783.4057693770487,771.3379051117992,100.0,5.035143712328703,0.1,0.01280832290649414,0.3088345527648926,0.046606746,0.015158271,781.6045417334502,-0.0065312036798903725,7.807635462986776,100.0,9600,1.3755464553833008,2.558397045359995e-05,2.5148937516297956e-05,783.3780980872109,100.0
593,1.6603467464447021,781.9732354701729,2.442494421436809,783.3908743981688,775.308972871783,100.0,4.823026734565809,0.1,0.011811017990112305,0.298098087310791,0.04719204,0.020861147,781.6414111071225,-0.0065422877625077825,7.813041045570826,100.0,9600,1.4354119300842285,1.668860704551465e-05,1.546075730819914e-05,783.3738545860394,100.0
594,1.5450968742370605,781.9681108053237,2.302504557732392,783.4083932074117,771.3033558694474,100.0,4.538051490341541,0.1,0.011994361877441406,0.28759288787841797,0.047409117,0.01845813,781.6740810769427,-0.0065924480365260165,7.812990885296808,100.0,9600,1.748277187347412,1.6795005393418894e-05,1.973747148105978e-05,783.382046780165,100.0
595,1.5751006603240967,781.5525517905265,2.7046965563721743,783.4145626721532,775.3077358051407,100.0,4.856745803877623,0.1,0.012082576751708984,0.30565953254699707,0.047442127,0.012254686,781.6619281483012,-0.006580876504132849,7.808835790162534,100.0,9600,1.5702261924743652,2.3634312019157488e-05,2.2636075275843025e-05,783.3687772301219,100.0
596,1.5673539638519287,781.5937504036534,2.641818832999422,783.3996708223449,771.3258221259621,100.0,5.434282832551071,0.1,0.0073032379150390625,0.2702925205230713,0.047956888,0.014891454,781.6551103738365,-0.006585699245200725,7.809247634088133,100.0,9600,1.80757474899292,1.9814466818204437e-05,1.9218005024441927e-05,783.3920060582174,100.0
597,1.559823989868164,781.135313261816,3.3714103086285303,783.3955124547297,767.2704457882513,100.0,3.9549144866588106,0.1,0.011854171752929688,0.2894604206085205,0.045594037,0.021814395,781.6031306626344,-0.00658561458735312,7.805081052079314,100.0,9600,1.7812578678131104,3.064277089958991e-05,2.99500149896024e-05,783.3799531498279,100.0
598,1.59769606590271,781.1363308371223,3.000350833610975,783.4034920755761,771.3062670761713,100.0,5.616550142665015,0.1,0.012806177139282227,0.26725268363952637,0.050294794,0.017623698,781.5564506800832,-0.006575707024308197,7.804674292975693,100.0,9600,1.826767921447754,2.684887819653373e-05,3.1406677620009546e-05,783.3736284345234,100.0
599,1.6133017539978027,781.6363299924333,2.7616510423600786,783.3969234030512,767.2693772877398,100.0,3.665278754589884,0.1,0.009644269943237305,0.3232405185699463,0.04034146,0.018955154,781.5644386113182,-0.0065762865328055226,7.809673713467194,100.0,9600,1.5786066055297852,1.8266276029187203e-05,1.6045904528199137e-05,783.3985498248727,100.0
600,1.597825050354004,782.2613355875407,2.205568955670862,783.3936642717484,771.2888144765682,100.0,4.229431950800299,0.1,0.011860370635986328,0.2779691219329834,0.04332366,0.01923724,781.6341283089405,-0.006575248007847381,7.815924751992153,100.0,9600,1.7054696083068848,1.4018301352226818e-05,1.3537387482005852e-05,783.351671237258,100.0
601,1.5994508266448975,781.5502561488087,2.5792687280497617,783.4004250188597,771.3129565410034,100.0,4.502446479309876,0.1,0.012964248657226562,0.30704736709594727,0.047709383,0.018383184,781.6257410929273,-0.006604007568162946,7.808812659098503,100.0,9600,1.7105231285095215,1.960429773441412e-05,1.9547124257606565e-05,783.3839088973504,100.0
602,1.5648491382598877,781.5471245946956,2.7715021685600023,783.3908381847398,771.2845457405124,100.0,4.535845166555651,0.1,0.012939691543579102,0.30217599868774414,0.049528524,0.020856505,781.6178794431042,-0.0066350840892776194,7.809198249244056,100.0,9600,1.85416579246521,1.8531361784650746e-05,2.450886471815762e-05,783.4115368668294,100.0
603,1.5984845161437988,781.8829073461008,2.465696668231071,783.3979469629611,775.2853942150782,100.0,4.698576715395668,0.1,0.013598203659057617,0.3043951988220215,0.044232674,0.01503349,781.6443822334039,-0.0066110414803145145,7.812138958519686,100.0,9600,2.045336961746216,2.4666845684182073e-05,1.740106223420308e-05,783.3679087875415,100.0
604,1.572955846786499,781.6248386894255,2.7598743105582813,783.3779892461821,771.3257708117468,100.0,5.518458002011706,0.1,0.011814594268798828,0.29965972900390625,0.04789622,0.014844502,781.642427879006,-0.006691593085520704,7.809558406914479,100.0,9600,2.222203493118286,1.9815685970768682e-05,1.8159023194802744e-05,783.3651297234089,100.0
605,1.6233572959899902,781.9673244632108,2.300520251075175,783.3899584285056,775.313431979019,100.0,5.704977544408485,0.1,0.012137889862060547,0.31255245208740234,0.047895428,0.015714535,781.6749175374266,-0.006599765427261892,7.812983567906071,100.0,9600,1.8189795017242432,1.368637127093002e-05,1.3684036826467961e-05,783.4126251665843,100.0
606,1.5794415473937988,781.4268410897627,2.7185038879679984,783.3865982325791,775.2745790157277,100.0,3.8277464224867,0.1,0.012035608291625977,0.3010125160217285,0.045016848,0.021179615,781.6501098926602,-0.006588607067577611,7.807578059599089,100.0,9600,1.778059720993042,1.579624982145602e-05,1.6013805878269106e-05,783.3827555576914,100.0
607,1.5731987953186035,781.7634326085548,2.803143281861037,783.3915621970887,767.3276234590235,100.0,4.5361191783404635,0.1,0.012830018997192383,0.3102455139160156,0.0453068,0.016936678,781.6614421642497,-0.006555320768157663,7.810944679231842,100.0,9600,1.6309304237365723,1.935729043587859e-05,1.995738909288011e-05,783.3575547583978,100.0
608,1.7294557094573975,781.8868728506835,2.5269986670504494,783.3996789503523,771.3460742768885,100.0,4.324737527312137,0.1,0.012901067733764648,0.30377817153930664,0.046698038,0.017296396,781.6839852328931,-0.006571737957174002,7.812178262042827,100.0,9600,1.8318133354187012,1.5129818060129481e-05,1.569340224907543e-05,783.3463263752254,100.0
609,1.5769336223602295,781.591771964601,2.7624182432152398,783.3932532789883,767.3351069734437,100.0,4.635018156982515,0.1,0.011847972869873047,0.2779676914215088,0.04452906,0.016477618,781.6747639060638,-0.006605325518524431,7.809228007814809,100.0,9600,1.7289149761199951,2.1066547144314103e-05,2.018225586096534e-05,783.3940700537881,100.0
610,1.5744102001190186,781.6815977900959,2.5632900049965968,783.4050397278659,771.3061646239288,100.0,3.6106383301826575,0.1,0.01290583610534668,0.28931474685668945,0.046834756,0.018909661,781.6754472944671,-0.006539832053098171,7.810126834613569,100.0,9600,1.830946445465088,1.4987540371553092e-05,1.5039042911280533e-05,783.3638346483673,100.0
611,1.6036276817321777,781.262093974348,3.0068291744807847,783.4007696574538,771.2903997465207,100.0,4.842837518659985,0.1,0.011859655380249023,0.28978967666625977,0.04708172,0.016371956,781.6341119624551,-0.006570056638270957,7.80592994336173,100.0,9600,1.7442946434020996,2.135389262025746e-05,2.1440125233185748e-05,783.3471998423004,100.0
612,1.5666592121124268,781.7210847366459,2.3571175811073246,783.4042347269485,775.3227534123454,100.0,4.755550270540091,0.1,0.012881040573120117,0.2527046203613281,0.042269036,0.015370606,781.6428092398742,-0.006561808491543753,7.810521524841789,100.0,9600,1.7531518936157227,1.5443456805547742e-05,1.5765167481091657e-05,783.3554209273852,100.0
613,1.5708370208740234,782.134949771921,2.1001545947024196,783.399721488903,775.2925984238917,100.0,4.818606259352253,0.1,0.013085365295410156,0.311431884765625,0.048585873,0.01826928,781.6920232930789,-0.006589846238368444,7.814660153761632,100.0,9600,1.53153657913208,1.3384057200405302e-05,1.1737259343963053e-05,783.3864367229138,100.0
614,1.5546166896820068,781.2564295993961,3.3287447701479875,783.4036898874037,763.2545672224929,100.0,3.8966833337852744,0.1,0.013115406036376953,0.2767305374145508,0.045245614,0.017147524,781.6484639237108,-0.0066262763315040815,7.805873723668497,100.0,9600,1.8512260913848877,2.5862337425899427e-05,2.3541771553322775e-05,783.3806508854586,100.0
615,1.666273832321167,781.7561244903991,2.6852398064544727,783.387654872001,771.2710284002425,100.0,2.6243354204298868,0.1,0.012969017028808594,0.3382453918457031,0.049434606,0.019265892,781.6592299803797,-0.006628078379957953,7.810871921620041,100.0,9600,1.4384984970092773,1.672407674658262e-05,1.6084684451161415e-05,783.3956315673562,100.0
616,1.7418508529663086,781.5507561306182,2.6430851551347816,783.4117392534993,771.3170413931101,100.0,4.349822126332894,0.1,0.012973785400390625,0.2897474765777588,0.045098294,0.015992416,781.6483825954036,-0.0065993568054031095,7.808817309861264,100.0,9600,1.7430329322814941,2.0018594524924334e-05,2.042862059696913e-05,783.3503927990264,100.0
617,1.5520868301391602,781.9687182867686,2.3027050561341236,783.389992979004,775.3031195508104,100.0,4.641880858951291,0.1,0.012868881225585938,0.30398106575012207,0.049609385,0.017735876,781.6804161645401,-0.006586742702899458,7.8129965906304335,100.0,9600,2.1816039085388184,1.492637859727064e-05,1.0408753026258724e-05,783.3915021063874,100.0
618,1.5918660163879395,781.5074120800609,3.1142812541398883,783.3918792825436,767.3172223759389,100.0,3.499100988777962,0.1,0.012926816940307617,0.31824779510498047,0.046263497,0.018986136,781.6631157560922,-0.006615442068138915,7.808384557931862,100.0,9600,1.644853115081787,1.9211578981600974e-05,1.8409527437720858e-05,783.3820142198648,100.0
619,1.620495080947876,781.9264060243962,2.6474117737396,783.3900635945382,771.3245471751526,100.0,4.128293290036843,0.1,0.012872457504272461,0.29572319984436035,0.045908768,0.022801297,781.6894447829226,-0.006591679676920976,7.812574986989746,100.0,9600,1.660313606262207,1.6203070006579554e-05,1.6286441090622e-05,779.3655793749249,100.0
620,1.5561800003051758,781.6360301759642,2.50635097604218,783.4186191877583,771.2790097499917,100.0,4.319025891535969,0.1,0.012789726257324219,0.30086565017700195,0.046075594,0.01618361,781.6841033222267,-0.0065797481495555735,7.809670251850444,100.0,9600,2.179154634475708,1.4534564366950854e-05,1.4637696536024148e-05,783.4145203993073,100.0
621,1.5970757007598877,781.8888038804197,2.5346844415553575,783.4116267725897,771.2913179262771,100.0,4.910756333485648,0.1,0.011913061141967773,0.317169189453125,0.047505952,0.016188018,781.7045733780461,-0.006552871647826149,7.8121971283521745,100.0,9600,1.9427592754364014,1.4520867618520429e-05,1.8833144658241092e-05,783.4426933648001,100.0
622,1.6021034717559814,781.8442038750263,2.734693228889501,783.407812072959,771.2858451872936,100.0,4.093836275699168,0.1,0.014247417449951172,0.3202507495880127,0.04879764,0.02242827,781.7185364277442,-0.006580002983712995,7.81175333034962,100.0,9600,1.863926887512207,2.360557111654976e-05,2.0382492445470346e-05,783.3853622288435,100.0
623,1.6763529777526855,781.8492096001524,2.1874678036412005,783.411998967787,775.3104650087553,100.0,5.6144239651057966,0.1,0.012843608856201172,0.3274683952331543,0.04984876,0.024890387,781.731603744985,-0.006532206497175089,7.8118011268361585,100.0,9600,1.80466628074646,1.4445696171947346e-05,1.525710350960092e-05,783.3926636113797,100.0
624,1.742522954940796,781.8068425178518,2.674135323677515,783.4041047278463,771.3146014216459,100.0,3.9585231817743467,0.1,0.00902414321899414,0.34065794944763184,0.044227578,0.019617807,781.7391276222718,-0.006537902295864981,7.811378764370802,100.0,9600,1.4603710174560547,1.9787322978051542e-05,1.9606145649273426e-05,783.4093991074939,100.0
625,1.6218738555908203,781.6723291654197,2.5026183304164555,783.4170810799017,775.2876962109785,100.0,3.7053587218771766,0.1,0.012073040008544922,0.3106968402862549,0.047849726,0.027557816,781.7324477765866,-0.00663264507276818,7.810034021593899,100.0,9600,1.6902379989624023,1.581307596641773e-05,1.5072231370193052e-05,783.4001974231513,100.0
626,1.5935192108154297,781.6413137678819,2.8192860435828035,783.4000716965012,771.3372317214378,100.0,4.531634982609581,0.1,0.01285243034362793,0.34564828872680664,0.040193763,0.01267006,781.7233343757161,-0.006527362872703442,7.8097226371272965,100.0,9600,2.0902085304260254,1.9548132872584212e-05,2.3809237414441783e-05,783.4171102396797,100.0
627,1.5626130104064941,781.7178822203683,2.927143635059694,783.4075573400669,771.3103801798436,100.0,4.489182027457947,0.1,0.011957883834838867,0.26085352897644043,0.044082507,0.017175516,781.7227891601814,-0.006594019533184103,7.81048931380015,100.0,9600,1.7917468547821045,3.00212383901711e-05,2.3283811996196583e-05,783.3667450821711,100.0
628,1.5948920249938965,781.2960664979574,3.0648728203507405,783.3852714688859,767.3190156136618,100.0,3.5743186794293544,0.1,0.012854814529418945,0.31131696701049805,0.041553218,0.017848967,781.6801168939589,-0.0066460317341613465,7.806270634932506,100.0,9600,1.613630771636963,2.0543777349532508e-05,2.0753018587180537e-05,783.3560903552233,100.0
629,1.572321891784668,781.9289048749497,2.318239619527575,783.4097414885515,775.2990172142437,100.0,5.05010583643616,0.1,0.012831926345825195,0.30738067626953125,0.046465296,0.014723172,781.7049956920581,-0.00656831557696911,7.812598351089697,100.0,9600,1.6805784702301025,1.4569139761839159e-05,1.4135330522751364e-05,783.3950269495687,100.0
630,1.5658328533172607,781.8894776803072,2.5976151372027854,783.394223835439,771.3431238538356,100.0,4.781535873136852,0.1,0.012282609939575195,0.2922811508178711,0.04942442,0.019087425,781.723443890883,-0.00654408649526788,7.812205913504733,100.0,9600,1.5284855365753174,1.7390538930198707e-05,1.9469058653523627e-05,783.3665835754152,100.0
631,1.6225509643554688,782.0133684122051,2.3601516815879684,783.3930631278852,771.2996397324166,100.0,4.516479024031568,0.1,0.012094259262084961,0.28035783767700195,0.049295448,0.021587137,781.7524363430152,-0.006555492857899997,7.8134445071421,100.0,9600,1.5863721370697021,1.768609567085246e-05,1.5679797973593815e-05,783.3604812991741,100.0
632,1.6166515350341797,781.8062005012416,2.7420812798293275,783.4188926843601,767.2939105735642,100.0,4.261586236962735,0.1,0.011838912963867188,0.25245213508605957,0.0484217,0.021502536,781.7578127588379,-0.0065448914741163275,7.81137177519255,100.0,9600,1.808337688446045,1.7415368322176854e-05,1.7101431085226148e-05,783.3491821388744,100.0
633,1.5629079341888428,781.8026395632522,2.4138626094867557,783.4064350419133,775.30153678338,100.0,4.559239502281993,0.1,0.013022661209106445,0.3188741207122803,0.048682317,0.018528983,781.7622954392793,-0.0065798471410557155,7.811336819525612,100.0,9600,1.4920310974121094,1.6059741028356505e-05,1.5952658066964377e-05,783.4121010336166,100.0
634,1.5492908954620361,781.7642225262865,2.552932147735207,783.4078330070287,771.3361149568802,100.0,4.096016960105338,0.1,0.015114068984985352,0.269481897354126,0.05044176,0.023646845,781.7624881479801,-0.006547852835073635,7.810952147164926,100.0,9600,1.6430389881134033,1.8237827055979734e-05,1.8073726961635872e-05,783.3893219320883,100.0
635,1.6030960083007812,782.1483104938867,2.1743354942724786,783.4172095148999,775.3269613321731,100.0,4.191734065044619,0.1,0.012918949127197266,0.316129207611084,0.048510056,0.020589422,781.8010703825707,-0.006456626811744121,7.814793373188255,100.0,9600,1.3480947017669678,1.2925290261816614e-05,1.2095065797765652e-05,783.4099852655312,100.0
636,1.5611214637756348,781.9749597451959,2.3021039215663155,783.3964779278218,771.3422597117589,100.0,4.445798220624105,0.1,0.015365123748779297,0.27059340476989746,0.050562724,0.020616677,781.8184593188333,-0.00652194760544864,7.813478052394551,100.0,9600,1.5696680545806885,1.7114122909376655e-05,1.8052180603296034e-05,783.3936242399201,100.0
637,1.5415332317352295,782.1046833176187,2.111285587317574,783.4279171110285,775.321360532795,100.0,3.8559740922347836,0.1,0.012796878814697266,0.2985832691192627,0.045981318,0.017465727,781.8470817187118,-0.006474910151283028,7.814775089848716,100.0,9600,1.710639238357544,1.366308487162419e-05,1.2173182782976104e-05,783.3960278758894,100.0
638,1.6177499294281006,781.5151956425416,3.0028450535740445,783.4186399601833,771.3013166345386,100.0,3.4693271805551182,0.1,0.026828765869140625,0.349301815032959,0.046987284,0.022620635,781.8138931110948,-0.006538478071751021,7.8084615219282485,100.0,9600,1.7244467735290527,1.904297835544975e-05,1.8602110901986883e-05,783.3561701988317,100.0
639,1.6408920288085938,781.8131697684729,2.346976028869463,783.4113339290915,775.3153302910557,100.0,4.374394618900451,0.1,0.021391630172729492,0.3243858814239502,0.04770612,0.017892009,781.8138207768326,-0.006474902325833225,7.8114417643408345,100.0,9600,1.9055774211883545,1.5719444549490454e-05,1.7558905910920606e-05,783.3943798282743,100.0
640,1.5966651439666748,781.7707228298037,2.6215192335682245,783.4175376888255,771.3223388811042,100.0,4.109666495328357,0.1,0.012025594711303711,0.27794599533081055,0.04739915,0.01620302,781.8095109821297,-0.006480635781379478,7.8110193642186205,100.0,9600,1.5136826038360596,1.829696489450073e-05,1.688008631255395e-05,783.4002776100343,100.0
641,1.5989320278167725,781.7706839463846,2.802640135295896,783.4149211293957,771.3316690050739,100.0,4.7114859008679755,0.1,0.011909008026123047,0.2765638828277588,0.04687404,0.01898144,781.8056282785552,-0.006483809648562394,7.811016190351438,100.0,9600,1.7556064128875732,2.197408635232907e-05,2.0951743374860308e-05,783.4122327880724,100.0
642,1.5494089126586914,782.1896614441172,2.3810141303598416,783.4161274408726,771.2906136920795,100.0,4.768398331769626,0.1,0.01288461685180664,0.2896871566772461,0.047683213,0.017232874,781.8440315951115,-0.0064599976343598904,7.815206669032306,100.0,9600,1.6741652488708496,1.6216461100682923e-05,1.6171162245767814e-05,783.3679871611316,100.0
643,1.5845541954040527,782.1883188864402,2.2357276610335646,783.4057582743143,771.3378582970801,100.0,5.409502961004124,0.1,0.013010025024414062,0.3158869743347168,0.04911968,0.016194904,781.8784603242443,-0.006473449999979337,7.815193216666688,100.0,9600,1.6338937282562256,1.375680296623206e-05,1.3670092662781748e-05,783.3921547097219,100.0
644,1.574051856994629,782.4783844847234,2.0225874712458225,783.4166023952752,775.2823597878072,100.0,5.690003756995588,0.1,0.011839151382446289,0.305478572845459,0.049141526,0.017346844,781.9384527402922,-0.006489748113710958,7.818093585219622,100.0,9600,1.7069082260131836,1.2982809240269418e-05,1.448944669627156e-05,783.4285894335729,100.0
645,1.5541417598724365,781.5600777524152,2.7691418575294144,783.4225788006033,771.313532963448,100.0,5.088064269396921,0.1,0.011794805526733398,0.30835866928100586,0.0497238,0.016870996,781.9006152415045,-0.006505237513248036,7.808911429153418,100.0,9600,1.4963972568511963,2.2865665801875477e-05,2.3211668654302854e-05,783.3939744203991,100.0
646,1.6622288227081299,781.8473153910337,2.7894242794875503,783.3971934733778,767.2974146100408,100.0,5.592275871607358,0.1,0.011837244033813477,0.29529571533203125,0.047749896,0.015608848,781.8952852564574,-0.006550328929809383,7.811783004403524,100.0,9600,2.249825954437256,2.2800928458435943e-05,2.78924168822644e-05,783.4037226228056,100.0
647,1.7261948585510254,781.8477269396899,2.4028204478809463,783.4084584365215,771.3543431388038,100.0,4.374653458449897,0.1,0.012964725494384766,0.3224923610687256,0.046731617,0.018356182,781.8905294247807,-0.0065456721324193175,7.811787661200914,100.0,9600,1.592952013015747,1.834527130606386e-05,1.4058613759224123e-05,783.3906132146105,100.0
648,1.576402187347412,781.727952420732,2.8116242575478028,783.410061985336,771.2722038942754,100.0,4.77320269526979,0.1,0.012853622436523438,0.32242870330810547,0.046919875,0.01719848,781.8742717243758,-0.006493475797661352,7.810589857535672,100.0,9600,1.8020782470703125,2.5063008378263412e-05,2.516584972621955e-05,783.39868737885,100.0
649,1.5564146041870117,781.7249874816538,2.4293585253628804,783.4081699718123,771.3405769218838,100.0,4.037250205022884,0.1,0.012984752655029297,0.2898824214935303,0.04778187,0.018727811,781.8593433001037,-0.006522920947256074,7.810560412386077,100.0,9600,1.7491514682769775,1.59577338474925e-05,1.5593367017900658e-05,783.3911405256039,100.0
650,1.626061201095581,782.0607713355312,2.277376005965728,783.3982022323452,771.3051650435582,100.0,5.076114507419986,0.1,0.011731624603271484,0.2789900302886963,0.04910979,0.017921954,781.8794861036464,-0.006498643460175638,7.81391802320649,100.0,9600,1.7666041851043701,1.648252573490357e-05,1.5370120187421708e-05,783.3829445236424,100.0
651,1.606600284576416,782.1460827143422,2.0962037823304676,783.4152719600571,775.3154085619339,100.0,4.6381247311769265,0.1,0.00888967514038086,0.3152616024017334,0.048388362,0.013131625,781.906145764716,-0.006478819039085919,7.814771180960913,100.0,9600,1.8628489971160889,1.0967111866707467e-05,1.0682405600859015e-05,779.4204557934983,100.0
652,1.573462724685669,781.9365070522636,3.218987249667701,783.4071714606555,759.3017020871895,100.0,3.9984827036526704,0.1,0.013236284255981445,0.32261180877685547,0.049980897,0.020220278,781.9091818934708,-0.006491915734369097,7.812674750932298,100.0,9600,1.527733564376831,2.3256401727446175e-05,2.2422278240403024e-05,783.35797638397,100.0
653,1.6073565483093262,781.9766155447611,2.6395500951168227,783.417551875398,771.3285118016211,100.0,5.169249725584976,0.1,0.01211690902709961,0.2514336109161377,0.04881776,0.01695538,781.9159252585998,-0.006506779841699816,7.8130765534916335,100.0,9600,1.6958367824554443,1.862753874079476e-05,1.9735855355445737e-05,783.3805620858291,100.0
654,1.7695705890655518,781.8541141091395,2.8448658748340496,783.4111834859968,771.3196169083811,100.0,4.383302201912805,0.1,0.011610269546508789,0.3204045295715332,0.048958156,0.018886289,781.9097441436538,-0.006482720390759343,7.811850612942574,100.0,9600,1.653991937637329,2.0414941251991166e-05,1.9616634607086617e-05,783.3927295619001,100.0
655,1.6038103103637695,781.9366492482732,2.083782438297049,783.4119060593367,775.3297555668681,100.0,4.33314965893255,0.1,0.011797428131103516,0.2849245071411133,0.04852578,0.023986397,781.9124346541158,-0.006490836242356965,7.812675830424311,100.0,9600,1.8123223781585693,1.313192419144108e-05,1.5145959499699808e-05,783.4240135471131,100.0
656,1.5970234870910645,782.020194850464,2.435226111574029,783.4268036157612,775.2786603610842,100.0,4.157406435416134,0.1,0.011738300323486328,0.29706692695617676,0.047277626,0.020072844,781.9232106737506,-0.006488651553997988,7.813511348446003,100.0,9600,1.5700006484985352,1.6721787118533673e-05,1.3339270360468087e-05,783.4149660049696,100.0
657,1.5755939483642578,781.3043934333101,3.273355194094082,783.3995303706091,767.3298268786366,100.0,5.075645439349375,0.1,0.013043403625488281,0.3133513927459717,0.04834508,0.01572287,781.8613289497066,-0.006561956393488849,7.806354710273179,100.0,9600,1.7670319080352783,2.9669990416934982e-05,2.938677761480319e-05,783.3711085474519,100.0
658,1.5542874336242676,781.8522223648242,2.60825691333026,783.4164608044218,771.292815444335,100.0,3.9098277228899208,0.1,0.016817092895507812,0.29673266410827637,0.045331102,0.018109677,781.8604182912184,-0.006499845757107543,7.811833487576226,100.0,9600,1.3658783435821533,1.8682568512973167e-05,1.883954282651998e-05,783.4000378007607,100.0
659,1.5873496532440186,782.1876146086898,2.382871381359462,783.4089862355934,771.3230646023643,100.0,2.374467069020651,0.1,0.011353015899658203,0.2790951728820801,0.049616884,0.017458899,781.8931379229656,-0.006481554026452602,7.815185112640212,100.0,9600,1.8107130527496338,1.5481649238973234e-05,1.3697264859366065e-05,783.3577842416445,100.0
660,1.567657470703125,782.0190129304389,2.292376314467476,783.4024353227377,775.3210958084098,100.0,4.885750967900589,0.1,0.01182699203491211,0.3242332935333252,0.049492538,0.018301513,781.905725423713,-0.006500460026060656,7.8134995399739395,100.0,9600,1.7409391403198242,1.2886060461646975e-05,1.2312640568562491e-05,783.4093805564873,100.0
661,1.5608460903167725,781.8175331044163,3.031469149917261,783.4158199998869,763.3155191544414,100.0,4.688889752537026,0.1,0.01001286506652832,0.3284461498260498,0.044789143,0.015364055,781.8969061917834,-0.006430351818999143,7.811486314847667,100.0,9600,1.3234806060791016,2.4757007044992726e-05,2.511963847762499e-05,783.3902594601011,100.0
662,1.7532472610473633,782.0648001018299,2.6190588590325454,783.414719828524,771.3160582114822,100.0,4.697741547364424,0.1,0.012993812561035156,0.25717997550964355,0.044425305,0.014683457,781.913695582788,-0.0064597435431507895,7.8139569231235155,100.0,9600,1.8488287925720215,1.3812949489429508e-05,1.4870503152208777e-05,783.4126036939259,100.0
663,1.6006755828857422,781.5579131987279,2.645431166729392,783.4028983308774,771.2823744464363,100.0,5.631076402554723,0.1,0.012842416763305664,0.2847249507904053,0.046260554,0.013836249,781.8781173443821,-0.006528955078143119,7.808887711588523,100.0,9600,1.7478864192962646,2.540403300322269e-05,2.062839674894919e-05,783.4432097470022,100.0
664,1.598006248474121,782.09814959614,2.7324603077936676,783.400146499012,767.3485288822428,100.0,4.406284419676579,0.1,0.01833176612854004,0.25830626487731934,0.046613015,0.019042766,781.9001205695579,-0.0065412130202699426,7.814292120313063,100.0,9600,1.9368369579315186,2.1423605637039947e-05,2.1427800412623184e-05,783.3894570976917,100.0
665,1.593379259109497,782.225363152838,2.067659213893492,783.4145920000254,775.3067579430592,100.0,3.847419892895243,0.1,0.011722803115844727,0.2791147232055664,0.048149623,0.02424104,781.932644827886,-0.006520018057443926,7.815563315275889,100.0,9600,1.9792609214782715,1.1150891359044644e-05,1.0764399443632837e-05,783.3998868097631,100.0
666,1.5993735790252686,781.7690294430462,2.489124297281564,783.4060927785837,771.3401943219553,100.0,4.631376717631272,0.1,0.012836456298828125,0.29961371421813965,0.04857023,0.019215863,781.916283289402,-0.006499694014752343,7.811000305985249,100.0,9600,1.8292725086212158,1.6563516363012255e-05,1.6303008907675985e-05,783.3699652871738,100.0
667,1.6168558597564697,781.8149706647482,2.6777610983290745,783.4239781479188,767.2942290932175,100.0,4.3426979540059065,0.1,0.012958765029907227,0.3176891803741455,0.04668837,0.016984902,781.9061520269368,-0.006457758520874765,7.8114589081457915,100.0,9600,1.6601603031158447,1.5131718490864411e-05,1.5094461094589673e-05,783.3699155069346,100.0
668,1.5345079898834229,782.1074626693047,2.5453578956803384,783.409880501652,771.3017218739435,100.0,5.125347428287399,0.1,0.012959480285644531,0.31265902519226074,0.049117267,0.017211005,781.9262830911737,-0.006449045200096073,7.814384288133238,100.0,9600,1.5637977123260498,1.3622212010702166e-05,1.2818458464393456e-05,783.4152992166368,100.0
669,1.554908275604248,781.9793731427247,2.3731013033516617,783.3916903992098,775.3161463991929,100.0,4.329701020264938,0.1,0.011910438537597656,0.3054966926574707,0.046929263,0.020677764,781.9315920963288,-0.0064790507981373965,7.813104282535197,100.0,9600,1.4503788948059082,1.458974480522556e-05,1.4531656549055443e-05,783.3725710847197,100.0
670,1.706434726715088,781.6039606839053,3.2662480060857404,783.4151529277887,763.2847147630364,100.0,4.133436004315986,0.1,0.014616966247558594,0.2546379566192627,0.04915961,0.01675525,781.8988289550864,-0.006484689995212512,7.809348643338121,100.0,9600,1.262404203414917,2.4820840863430167e-05,2.4908159909335125e-05,783.4181300230638,100.0
671,1.5999441146850586,781.851484617417,2.6076553860077962,783.4048853984923,767.311127943405,100.0,4.30364489601799,0.1,0.01443934440612793,0.291370153427124,0.048013683,0.022944655,781.8940945213195,-0.006508285466805756,7.811825047866527,100.0,9600,1.7019269466400146,1.5807408339064005e-05,1.716891532899984e-05,783.4361098579045,100.0
672,1.565425157546997,782.1037806453791,2.4762006634542235,783.4099039766902,767.3087717580783,100.0,4.893453733095682,0.1,0.012958765029907227,0.28407955169677734,0.047032,0.0173559,781.9150631337254,-0.006485209627320909,7.814348123706012,100.0,9600,1.6305158138275146,1.8302426925379057e-05,1.604746016185554e-05,783.3949559243614,100.0
673,1.5456397533416748,782.0225119602301,2.213943022681695,783.4075839248303,775.3399644175097,100.0,4.932247813177407,0.1,0.013377666473388672,0.3113827705383301,0.048764,0.018289845,781.9258080163759,-0.006465052300240258,7.81353494769976,100.0,9600,1.5845270156860352,1.460910187920391e-05,1.3935835504176592e-05,783.3636586067435,100.0
674,1.5587654113769531,782.1901673547154,2.3078265896829997,783.4087000659592,775.3353035871287,100.0,4.688086366971151,0.1,0.019256114959716797,0.31042981147766113,0.04973847,0.021657392,781.9522439502099,-0.006455941520928497,7.8152107251457394,100.0,9600,1.6199939250946045,1.6705164730029832e-05,1.6611935956623664e-05,783.415656716061,100.0
675,1.5870444774627686,781.6067069978367,3.268087986328044,783.4240074189432,767.2972507672912,100.0,5.66756265203045,0.1,0.012198686599731445,0.3366105556488037,0.05115787,0.016589189,781.9176902549725,-0.006456693297769846,7.8093766400355635,100.0,9600,1.5188472270965576,2.16539630265883e-05,2.1926094754310775e-05,783.4222784250849,100.0
676,1.6009776592254639,782.1901171137206,2.1607729778757543,783.4164597723405,775.3024100630811,100.0,4.193750101909149,0.1,0.012914896011352539,0.28222179412841797,0.048884224,0.017772824,781.9449329408474,-0.006454680859558334,7.815211985807108,100.0,9600,1.4601941108703613,9.762850925097182e-06,9.41194476036966e-06,783.3920139796821,100.0
677,1.6366899013519287,782.2311050376292,2.2197993833001246,783.4118963120529,775.3359374742003,100.0,4.176245894157898,0.1,0.012809991836547852,0.31389284133911133,0.04748922,0.016726071,781.9735501505255,-0.006462062933455105,7.815621270399878,100.0,9600,1.6447701454162598,1.1480054916638867e-05,1.167430379334062e-05,783.4068171652383,100.0
678,1.5468671321868896,782.2342798434593,2.2171364815417185,783.4003304036851,771.3704356459283,100.0,4.110082211324071,0.1,0.012641429901123047,0.34064435958862305,0.043678686,0.014577346,781.9996231198189,-0.006430589351749838,7.815652743981584,100.0,9600,2.0824313163757324,1.1478027961053456e-05,1.1030956691549648e-05,783.4416702696365,100.0
679,1.6029207706451416,782.2298219688909,2.062863513134351,783.4323750735299,775.315840138153,100.0,4.603916711408569,0.1,0.011799812316894531,0.23505306243896484,0.048089065,0.018620562,782.0226430047262,-0.006474377670113753,7.81560895566322,100.0,9600,1.7681217193603516,1.1696230667047006e-05,1.4071515141602091e-05,783.3848209526539,100.0
680,1.5586879253387451,782.0668455562549,2.4875942839302754,783.4198387237154,771.3083765104337,100.0,5.33801663159357,0.1,0.011848926544189453,0.3224179744720459,0.04913138,0.01939648,782.027063259879,-0.006438560433497606,7.8139781062331695,100.0,9600,1.5415799617767334,2.1269205021329587e-05,1.777316487153929e-05,783.4059795889682,100.0
681,1.5317282676696777,781.9825834811495,2.6434936461779035,783.4197508611458,771.3271915015733,100.0,3.772187034046194,0.1,0.00972890853881836,0.31534361839294434,0.050083116,0.021740887,782.0226152820062,-0.006447886767224611,7.8131354465661085,100.0,9600,1.9818267822265625,1.8304761956011693e-05,1.876831288255224e-05,783.4091717655258,100.0
682,1.552910327911377,781.6085709256419,2.820314961014559,783.4157989887063,771.3195320336764,100.0,4.7382076691318264,0.1,0.012902498245239258,0.2989170551300049,0.049120307,0.018451784,781.9812108463698,-0.006438411147648635,7.809394922185685,100.0,9600,1.9155385494232178,2.074616379797162e-05,2.0489623156589227e-05,783.403263522244,100.0
683,1.5778489112854004,782.2357872196179,2.3651952067975417,783.4333736111599,771.3340557780083,100.0,4.299337383288827,0.1,0.011835336685180664,0.28625965118408203,0.05063898,0.01965963,782.0066684836946,-0.006415744760347705,7.815667588572985,100.0,9600,1.6691555976867676,1.4265936643616457e-05,1.315270343442116e-05,783.4212497661198,100.0
684,1.6799352169036865,781.9833304869995,2.441183781156397,783.4137091424323,771.357336033229,100.0,4.3705132545880865,0.1,0.011913537979125977,0.2958533763885498,0.04996203,0.018511927,782.0043346840251,-0.006440506268449875,7.813142827064884,100.0,9600,1.9990923404693604,1.4631864144527439e-05,1.481075914423615e-05,783.3883975726278,100.0
685,1.7612676620483398,782.2746875959375,1.9627687839894596,783.417817781621,775.3370248543158,100.0,4.970683562255061,0.1,0.012927770614624023,0.3230597972869873,0.04627225,0.015777096,782.0313699752164,-0.006443816832772796,7.816056183167227,100.0,9600,1.6998605728149414,1.206289401568931e-05,1.1886163363009189e-05,783.4057972952787,100.0
686,1.5607807636260986,781.9362646337453,2.775596126762247,783.4023586068896,767.2955051764277,100.0,4.43082034783319,0.1,0.013115406036376953,0.3244798183441162,0.046807878,0.01687307,782.0218594410694,-0.0064935995741412554,7.8126730670925255,100.0,9600,1.7047686576843262,1.4101561112409907e-05,1.4379852443581445e-05,783.3999415047799,100.0
687,1.5839102268218994,782.105843436124,2.1870836419937842,783.4080515760154,775.3172104747572,100.0,4.117065074300028,0.1,0.01190042495727539,0.3045508861541748,0.04583411,0.017150892,782.0302578405749,-0.006463872397610253,7.814369460935723,100.0,9600,1.47001051902771,1.3559222908312382e-05,1.291323855521733e-05,783.4051062094469,100.0
688,1.5658764839172363,781.6872584484453,2.6338842264516766,783.4136586137708,771.350735345144,100.0,3.503655638392013,0.1,0.01301884651184082,0.2785022258758545,0.04067905,0.021137508,781.995957901362,-0.006482792691516526,7.810183873975151,100.0,9600,1.3862969875335693,2.0210035928372522e-05,1.9008729993668705e-05,783.4067682126966,100.0
689,1.5992372035980225,782.141415640283,2.014494552399464,783.4021577687458,775.3202717857217,100.0,3.8007673494738654,0.1,0.012923955917358398,0.29728031158447266,0.04576205,0.01992699,782.0105036752541,-0.006526145700313211,7.814723854299687,100.0,9600,1.7193572521209717,1.2249362555365652e-05,1.1352655248830959e-05,783.4380040240518,100.0
690,1.5897254943847656,781.8133559617569,2.6096455497622753,783.4177879516191,771.3355118616385,100.0,3.7554828913585325,0.1,0.012975931167602539,0.3120291233062744,0.04640794,0.016977757,781.9907889039044,-0.00647193988480015,7.811444726781866,100.0,9600,2.140167713165283,1.951500244670055e-05,2.4082218041488904e-05,783.4244164376166,100.0
691,1.5930089950561523,781.7254792804448,2.8106542749415673,783.4013096561048,771.335527097915,100.0,3.1844614494843837,0.1,0.011744260787963867,0.30101728439331055,0.047667533,0.02416883,781.9642579415586,-0.006518263015333491,7.810565070318002,100.0,9600,1.8255093097686768,2.089893254190007e-05,2.120591151169406e-05,779.3371032718454,100.0
692,1.5809309482574463,782.2730630078025,2.1252670140881933,783.4038644052412,775.3254345716742,100.0,3.985032440801238,0.1,0.009945154190063477,0.32134366035461426,0.047295354,0.025889695,781.995138448183,-0.0064582429985974785,7.816041757001403,100.0,9600,1.592111349105835,1.333224978313876e-05,1.0439814225484678e-05,783.4108761224162,100.0
693,1.738633394241333,782.2265923347549,2.1402541325412345,783.4099927860975,775.3254016284707,100.0,5.012452628489554,0.1,0.014562368392944336,0.29564881324768066,0.046397805,0.016656743,782.0182838368402,-0.006507922862539144,7.815575410470795,100.0,9600,1.6934514045715332,1.1682177677377132e-05,1.2189403443858424e-05,783.3812315359258,100.0
694,1.5775566101074219,782.230768546074,2.297139039460629,783.4211367064286,775.3020478850491,100.0,4.489825883180063,0.1,0.011550426483154297,0.23060321807861328,0.046557065,0.01898895,782.0395323077636,-0.006466156119430021,7.815617177213903,100.0,9600,1.5354983806610107,1.4364753011992553e-05,1.4539784201051097e-05,783.3890114851133,100.0
695,1.6221656799316406,782.0222723274925,2.9383945554601647,783.4073220765456,763.2929578627659,100.0,4.614648774279656,0.1,0.012876510620117188,0.31592488288879395,0.04572647,0.014122112,782.0378063097364,-0.006466633743552272,7.813533366256448,100.0,9600,1.5227935314178467,1.9504617801261092e-05,2.1549575066189292e-05,783.4271126534765,100.0
696,1.5622482299804688,781.981103653984,3.164911260805481,783.4150184638622,763.2760151959914,100.0,5.176433568433832,0.1,0.0203092098236084,0.3142828941345215,0.046906397,0.0152060315,782.0321360441612,-0.006462901033688242,7.8131204322996455,100.0,9600,1.6488471031188965,2.730552441712703e-05,2.4125381192390814e-05,783.4357897040292,100.0
697,1.5661873817443848,782.0625239945358,2.2055355686081506,783.4133152933738,775.3037195944945,100.0,6.075423845308094,0.1,0.012939453125,0.2911722660064697,0.049013723,0.015618741,782.0351748391987,-0.00648119860956806,7.813935468057099,100.0,9600,1.7904467582702637,1.6944895286595774e-05,1.5966905201040964e-05,783.4121416254997,100.0
698,1.5522222518920898,782.6021701834634,1.9450966413626347,783.4161098364424,775.3210248249162,100.0,4.593604436753367,0.1,0.0130615234375,0.26611757278442383,0.04968185,0.018561723,782.0918743736252,-0.006500397984503655,7.81933293534883,100.0,9600,1.3819246292114258,1.0000271655138657e-05,9.04845386042858e-06,783.3875325399359,100.0
699,1.5752127170562744,781.7250252813868,2.559041568955428,783.3967001874367,771.3514583099262,100.0,4.614932970179924,0.1,0.012952089309692383,0.3195779323577881,0.04816679,0.018689083,782.0551894644013,-0.006522984846340364,7.810560348486994,100.0,9600,1.4284577369689941,2.2601336839742387e-05,2.294279297394585e-05,783.4295363912717,100.0
700,1.5916674137115479,781.9392560986234,2.9503734606314387,783.4198084834542,763.3242756770788,100.0,3.983444862394679,0.1,0.01329493522644043,0.30793213844299316,0.04828219,0.02212164,782.0435961278237,-0.006463983160112458,7.812702683506553,100.0,9600,1.6325793266296387,1.732497871660627e-05,1.7033840745076397e-05,783.4217936016746,100.0
701,1.581827163696289,782.2329797805182,2.21988450499527,783.4102075299189,775.3123376388497,100.0,3.921592276848269,0.1,0.009527921676635742,0.2476062774658203,0.049642254,0.022029579,782.0625344930932,-0.00644346345113696,7.8156398698821965,100.0,9600,1.3503503799438477,8.994194970899864e-06,1.7640668426924607e-05,783.4043573910657,100.0
702,1.603064775466919,782.0642814202862,2.5572461226430585,783.4022829353951,771.3540074061474,100.0,5.55049307534141,0.1,0.012977838516235352,0.29451847076416016,0.049364414,0.01885145,782.0627091858124,-0.006464623099274816,7.813952043567391,100.0,9600,1.4558844566345215,2.0686662949079834e-05,1.2953725307828903e-05,783.3889611466168,100.0
703,1.545393466949463,782.189581353396,2.3120294902601857,783.4082971251372,771.3372504212361,100.0,5.130913859775299,0.1,0.01876974105834961,0.27560853958129883,0.047889844,0.017549029,782.0753964025707,-0.006461762092593223,7.815204904574073,100.0,9600,1.3263518810272217,1.3968956184655287e-05,1.3970834464146823e-05,783.4309083676117,100.0
704,1.5800247192382812,781.7308647498467,2.62290007537184,783.4260803443875,771.3524074095432,100.0,3.446545563611892,0.1,0.012856006622314453,0.27766990661621094,0.05061886,0.022309482,782.0409432372983,-0.00646500776590249,7.81061832556743,100.0,9600,1.7332746982574463,1.614369576054198e-05,1.643035542957303e-05,783.4132420570159,100.0
705,1.6099510192871094,781.482104299966,2.949323804359,783.4128141457322,767.3259413029954,100.0,4.121172239591286,0.1,0.011838436126708984,0.29912781715393066,0.048756953,0.017247552,781.9850593435651,-0.00645139488814047,7.808131938445193,100.0,9600,1.7763385772705078,2.5654816918815822e-05,2.3790035566116388e-05,783.4291079500172,100.0
706,1.5993168354034424,782.1456520336056,2.250652222420373,783.4001749856966,775.3234660372323,100.0,4.730068289802882,0.1,0.011879205703735352,0.294053316116333,0.047121517,0.019951064,782.0011186125691,-0.006483715687785277,7.814766284312213,100.0,9600,1.7917823791503906,1.3116336373707842e-05,1.2257488481040902e-05,783.393593051081,100.0
707,1.569338321685791,782.2694482735316,2.1224740965283635,783.4139979189465,771.3478481981209,100.0,4.447763404794482,0.1,0.011546850204467773,0.3131847381591797,0.042577922,0.015112812,782.0279515786654,-0.006494570942044943,7.816005429057955,100.0,9600,1.7425808906555176,1.5751782921610916e-05,1.704759820687185e-05,783.3880513706863,100.0
708,1.7995929718017578,781.8546189261652,2.671719481177759,783.4086224278516,771.2541075692774,100.0,3.8859390647889156,0.1,0.012465715408325195,0.2923917770385742,0.048339054,0.018657202,782.0106183134154,-0.00647773513418716,7.811855598199146,100.0,9600,1.992654800415039,1.7703693426976653e-05,1.6888341923844434e-05,783.3989281688025,100.0
709,1.5862247943878174,782.4002245961116,1.8031205442998455,783.4028652794002,775.3591994247843,100.0,4.652905637828129,0.1,0.011124849319458008,0.26558661460876465,0.04684154,0.016694153,782.049578941685,-0.006437313998298,7.817312686001702,100.0,9600,1.6617214679718018,9.112961331755559e-06,9.632991317087415e-06,783.4008856363254,100.0
710,1.5739834308624268,782.147539940313,2.178160963380524,783.4136527373618,775.3020289171485,100.0,5.433609637471112,0.1,0.013303518295288086,0.28438735008239746,0.044220503,0.013815115,782.0593750415478,-0.006464876550717164,7.814785123449283,100.0,9600,1.5043258666992188,1.756053253507058e-05,1.389790094418464e-05,783.394771577136,100.0
711,1.5884268283843994,781.9382944812963,2.6555689310868362,783.4001904551305,771.2827605670878,100.0,3.4660448770992645,0.1,0.011505126953125,0.30781102180480957,0.050596982,0.020692933,782.0472669855226,-0.006473210621886869,7.81269345604478,100.0,9600,1.6085035800933838,1.5735135977417756e-05,1.7538904635558006e-05,783.3581856535313,100.0
712,1.6003491878509521,782.4359350125848,1.7786278696869642,783.3899087684586,775.3321007798564,100.0,4.798410404541086,0.1,0.012941598892211914,0.3189277648925781,0.0479555,0.015566983,782.0861337882288,-0.006496733623714185,7.817669933042953,100.0,9600,1.806387186050415,1.223831447950176e-05,1.087078803828167e-05,783.3558547636736,100.0
713,1.5903348922729492,782.1052663945688,2.477528103119489,783.4215078079561,767.2993620573664,100.0,5.225762849452732,0.1,0.011758089065551758,0.25680994987487793,0.050304797,0.018610762,782.0880470488629,-0.006470871114405879,7.814362462218928,100.0,9600,1.3928775787353516,1.4169248527448114e-05,1.3701811910732424e-05,783.3683701564776,100.0
714,1.6243278980255127,782.355109307979,2.0880629192939404,783.4150106752639,775.3088367653395,100.0,4.253361827407265,0.1,0.011650323867797852,0.24710392951965332,0.04851688,0.020520972,782.1147532747746,-0.0064719495901127385,7.816861383743221,100.0,9600,1.5005075931549072,9.962946401171365e-06,1.0031464382724543e-05,783.3821836113574,100.0
715,1.7059569358825684,781.9733364564296,2.305673644208708,783.4045337598661,775.3051890772987,100.0,4.23479060466561,0.1,0.013710737228393555,0.30529022216796875,0.04822589,0.019200865,782.1006115929401,-0.006538343841915064,7.813461656158085,100.0,9600,1.6341841220855713,1.510312156045862e-05,1.6425778245250798e-05,783.409955714044,100.0
716,1.7120170593261719,782.396192825457,2.0633888888648606,783.4080744955373,775.3278420523068,100.0,5.338285624304065,0.1,0.012865066528320312,0.3030128479003906,0.047633246,0.015372083,782.1301697161919,-0.006479031298657262,7.817270968701343,100.0,9600,1.6850411891937256,1.2674705117077693e-05,1.1910073959721967e-05,783.3743858163269,100.0
717,1.5520401000976562,781.9281184624288,2.3819921881291553,783.3955520505128,771.3363542287834,100.0,3.794682542198466,0.1,0.01287388801574707,0.2950892448425293,0.04932771,0.021175075,782.1099645908156,-0.00657561594233512,7.812591050724332,100.0,9600,1.8736069202423096,1.310519867307527e-05,1.298292848676266e-05,779.3436434651859,100.0
718,1.567688226699829,782.0182645387473,2.816069450431295,783.3995445097619,767.3436988172866,100.0,4.750767753652151,0.1,0.013042926788330078,0.2902214527130127,0.045026854,0.015276948,782.1007945856088,-0.0065079695186335005,7.813492030481367,100.0,9600,1.7830631732940674,1.7874871946874308e-05,1.9252836794000382e-05,783.4090089310982,100.0
719,1.5991060733795166,781.7642114557666,2.682813747556609,783.3946316263565,771.3240399606395,100.0,4.788815534548232,0.1,0.014412879943847656,0.3044760227203369,0.04831666,0.01580337,782.0671362726247,-0.006548069692283924,7.810951930307716,100.0,9600,1.7500410079956055,1.868496412379855e-05,1.818598239277689e-05,783.3718667341284,100.0
720,1.6097590923309326,781.7639716551524,3.03466258338068,783.3950126735833,767.3167856537539,100.0,4.313850366356124,0.1,0.012896299362182617,0.3055245876312256,0.048710663,0.022326589,782.0368198108774,-0.006550567663796,7.810949432336204,100.0,9600,1.8793809413909912,2.5239914934226153e-05,2.529993287128734e-05,783.3963270988102,100.0
721,1.5598487854003906,781.2622019175769,2.8939551353608253,783.4030389021317,771.2968963799657,100.0,4.099959975308102,0.1,0.012937307357788086,0.2991445064544678,0.050311033,0.02120564,781.9593580215475,-0.00656914379291997,7.80593085620708,100.0,9600,1.5719013214111328,2.26852267483187e-05,2.1580070442703947e-05,783.3816625477702,100.0
722,1.5273289680480957,782.0162531235505,2.0580079951053967,783.3888808876695,775.326064640753,100.0,4.349317279495344,0.1,0.013050317764282227,0.28261542320251465,0.049104277,0.021097045,781.9650475317478,-0.0065268498196689355,7.813473150180331,100.0,9600,1.5889177322387695,1.411849887128806e-05,1.1950645929491022e-05,783.3990613121653,100.0
723,1.7736155986785889,781.6382507464062,2.9374452059062293,783.3931975513552,771.3163186800565,100.0,4.2460228312388315,0.1,0.011729001998901367,0.30545997619628906,0.049563736,0.020743188,781.9323678532137,-0.00655850126128841,7.8096914987387125,100.0,9600,1.5930001735687256,2.5759692580188717e-05,3.098540231149175e-05,783.4159994429585,100.0
724,1.6111559867858887,782.0240560212238,2.221993538650848,783.418271859002,775.2897307772901,100.0,5.174511486496743,0.1,0.008096694946289062,0.30046868324279785,0.047761787,0.019479806,781.9415366700148,-0.00644856329731119,7.813551436702689,100.0,9600,1.704005241394043,1.81612929748552e-05,1.6497057627133112e-05,783.3901676596557,100.0
725,1.570969820022583,782.2250040015256,2.066198982944223,783.4089616728811,775.2747174417151,100.0,4.391193528880968,0.1,0.013010263442993164,0.27826571464538574,0.043235578,0.017608002,781.9698834031658,-0.006522847720522123,7.815560485612811,100.0,9600,1.9832637310028076,1.5098644527014481e-05,1.2050224588199134e-05,783.4433606620163,100.0
726,1.5621867179870605,781.4797068594422,2.893684140912309,783.4179185790751,771.2998900654632,100.0,3.6952734975653847,0.1,0.011785507202148438,0.3121669292449951,0.045868408,0.020776458,781.9208657487934,-0.006476974437556946,7.808106358895777,100.0,9600,1.5826051235198975,2.47302221006459e-05,2.4306033376424712e-05,783.4058940475869,100.0
727,1.5946943759918213,782.109072369644,2.265485896066158,783.4273221253135,775.3130504849215,100.0,3.9920508626385898,0.1,0.012987852096557617,0.28038477897644043,0.049192928,0.021131825,781.9396864108785,-0.006432974829928571,7.814400358503405,100.0,9600,1.684396743774414,1.5463870749706497e-05,1.489255402568833e-05,783.3719606571489,100.0
728,1.5850389003753662,782.026105022519,2.7547007036573263,783.4151230453947,767.3353426701394,100.0,4.614518135004937,0.1,0.01174163818359375,0.29708170890808105,0.04947864,0.019126242,781.9483282720425,-0.00642738180924029,7.813989284857425,100.0,9600,1.3529548645019531,1.8984848387894316e-05,1.896311890228776e-05,783.3876953419518,100.0
729,1.585616111755371,782.3587526016285,2.085502853204014,783.4242677596579,771.3492557776478,100.0,5.5289750195231635,0.1,0.011776924133300781,0.26116013526916504,0.04933393,0.016370889,781.9893707050012,-0.006436115577173755,7.81689721775616,100.0,9600,1.7437388896942139,1.305300401635009e-05,1.1731174013337368e-05,783.3704477520024,100.0
730,1.5631096363067627,782.1486919853082,2.3252288855271153,783.4176763468499,775.3031913991038,100.0,4.914216824991706,0.1,0.012897253036499023,0.32730531692504883,0.04962467,0.01832277,782.0053028330319,-0.006453065458841921,7.814796934541158,100.0,9600,1.5903503894805908,1.4854276209639322e-05,1.947004168606908e-05,783.3830251319825,100.0
731,1.7517378330230713,781.3946336278083,3.4265708506181918,783.4122738540565,767.3463914378043,100.0,3.948187221113462,0.1,0.012134075164794922,0.31127095222473145,0.045632288,0.018852578,781.9442359125096,-0.006493239589738996,7.807256760410262,100.0,9600,1.5527901649475098,3.567967597320721e-05,3.6283843952957125e-05,783.4184182514733,100.0
732,1.564202070236206,782.5231321018273,1.8211258076094297,783.4218311067907,775.3632218876987,100.0,4.301354160167312,0.1,0.012866973876953125,0.309969425201416,0.04875857,0.024175737,782.0021255314414,-0.006459232941337246,7.8185407670586615,100.0,9600,1.7954254150390625,1.2179987925983197e-05,8.59633295869143e-06,783.3964557172708,100.0
733,1.5789060592651367,781.6411911042313,2.6394108233838853,783.4029445093515,771.3108604357899,100.0,3.6512394977339286,0.1,0.007181882858276367,0.32300400733947754,0.049139354,0.02029917,781.9660320887205,-0.006529045873202387,7.8097209541267985,100.0,9600,1.6368024349212646,1.8431363434321385e-05,1.8094631423830485e-05,783.3728986844764,100.0
734,1.5687835216522217,782.1462441534278,2.0157062502404393,783.4126870862149,775.3320658747921,100.0,4.520226819404095,0.1,0.014033317565917969,0.33492422103881836,0.04895933,0.02101289,781.9840532951912,-0.0064789916545273185,7.814771008345473,100.0,9600,1.539797067642212,1.3777107884653004e-05,1.2897810326991973e-05,783.4019119213082,100.0
735,1.5695438385009766,782.2749392246418,2.1283469825499277,783.4242153716505,775.3066002931123,100.0,3.789694682839304,0.1,0.011848926544189453,0.3108675479888916,0.04940733,0.023032548,782.0131418881363,-0.006441112853893681,7.816058887146106,100.0,9600,1.520226240158081,1.1087566288005453e-05,1.0160652098071964e-05,783.3897637881681,100.0
736,1.5420176982879639,782.4405891370753,2.282600966983181,783.4124117967696,771.2952938191546,100.0,4.112822916889134,0.1,0.012820243835449219,0.2825648784637451,0.052306715,0.019470206,782.0558866130302,-0.006449705496064291,7.8177169611706026,100.0,9600,1.7127275466918945,1.3445560864676982e-05,1.3334384994549717e-05,783.3936990541933,100.0
737,1.5744695663452148,781.7665969484856,2.9253946172612575,783.4119292211255,767.2816366305993,100.0,4.126637469096486,0.1,0.011883020401000977,0.29134321212768555,0.05029325,0.022687921,782.0269576465759,-0.00652529163244397,7.8109747083675565,100.0,9600,1.572418212890625,2.1503651208208008e-05,2.1154049151408073e-05,783.3913482251535,100.0
738,1.5583226680755615,782.0187147665571,2.363080766179596,783.414509687882,771.3234499791131,100.0,4.72789702220653,0.1,0.01412057876586914,0.3469226360321045,0.048644625,0.019920282,782.0261333585739,-0.006503107201079265,7.81349689279892,100.0,9600,2.3585891723632812,1.4274032842016015e-05,1.375237520310909e-05,783.4076687016093,100.0
739,1.6610877513885498,781.9764751285812,2.2985507933608194,783.395132753386,775.3167308731507,100.0,4.682230885570485,0.1,0.012889862060546875,0.2567167282104492,0.051305782,0.018448144,782.0211675355747,-0.006507934456937867,7.8130753988763955,100.0,9600,1.5427515506744385,1.337277306803662e-05,1.4412719187891356e-05,783.4100313477499,100.0
740,1.5686702728271484,781.8121395337054,2.4107278930094447,783.3972571894087,775.314819885892,100.0,4.585182556185873,0.1,0.011978387832641602,0.26781129837036133,0.04810551,0.018479737,782.0002647353878,-0.006486050562081513,7.811430616104585,100.0,9600,1.3738198280334473,1.6403867326572394e-05,1.6911171828716316e-05,783.394124301974,100.0
741,1.5588233470916748,782.272907344689,2.0441012640596408,783.4041409625532,775.3456999968726,100.0,5.363485766681486,0.1,0.012959957122802734,0.29786086082458496,0.048578635,0.014967459,782.0275289963179,-0.006460734158107045,7.81645593250856,100.0,9600,2.1976301670074463,1.240582777982475e-05,1.2248408113795485e-05,783.3837840325674,100.0
742,1.5986638069152832,781.7679308658186,2.677837102652841,783.4064261044532,771.3291633247591,100.0,4.2466767393992555,0.1,0.014182090759277344,0.2829263210296631,0.049098503,0.018234398,782.001569183268,-0.006511809190692434,7.810988190809307,100.0,9600,1.8879740238189697,2.0134913242090756e-05,1.7896806783310033e-05,783.3790407567739,100.0
743,1.5843043327331543,782.3039409833806,2.0258631061083525,783.405926016966,775.3185701704772,100.0,3.9985141097068757,0.1,0.014142274856567383,0.3115110397338867,0.04941206,0.023964612,782.0318063632792,-0.006566830160863977,7.816349836505803,100.0,9600,1.568260669708252,1.00241719151791e-05,1.1777878296571476e-05,783.3606850128624,100.0
744,1.5639562606811523,782.1005409220661,2.1887919775156277,783.4042095223816,775.3175684215415,100.0,4.364255447902991,0.1,0.012880325317382812,0.3417012691497803,0.04829884,0.019151565,782.0386798191579,-0.006518908176411491,7.814314425156922,100.0,9600,1.3184473514556885,1.3061956134872542e-05,1.0490069029337249e-05,783.356484201009,100.0
745,1.5813665390014648,782.1393274824098,2.1729598283855927,783.396746846528,775.3088752956554,100.0,4.660405959670505,0.1,0.012887716293334961,0.21549344062805176,0.04687443,0.01979262,782.0487445854831,-0.006545929445956126,7.814704070554043,100.0,9600,1.5539288520812988,1.3537350559961449e-05,1.3546648681150008e-05,783.4163262761624,100.0
746,1.667724847793579,782.0589480815944,2.8631001528356204,783.412797965211,767.3185598182381,100.0,5.097518012291971,0.1,0.013609647750854492,0.2929117679595947,0.04870414,0.01796412,782.0497649350942,-0.006516785750461162,7.813899880916206,100.0,9600,1.6650974750518799,1.9861388356228393e-05,2.182557863086591e-05,779.3784495477422,100.0
747,1.5519585609436035,782.2682446655554,1.9591467732417118,783.4062545358927,775.2948504383833,100.0,3.8201758379380197,0.1,0.012804031372070312,0.29846620559692383,0.050105274,0.022817507,782.0716129081403,-0.006507479762126245,7.815992520237874,100.0,9600,1.636303186416626,1.2514020069418765e-05,1.2724315768315272e-05,783.3810465077546,100.0
748,1.598505973815918,782.0154092085031,2.5015374676009756,783.4141856469196,775.3029415770679,100.0,4.74005467134128,0.1,0.013115406036376953,0.3234889507293701,0.0437964,0.013276399,782.0659925381766,-0.006535285097464425,7.813464714902534,100.0,9600,1.6716094017028809,1.9350184598441597e-05,1.6131491943666455e-05,783.3827885677789,100.0
749,1.5508079528808594,782.2187616083098,2.3670224914333793,783.4173511394333,771.315948672779,100.0,4.068253149583268,0.1,0.012990236282348633,0.30433034896850586,0.03917694,0.015146952,782.08126944519,-0.006585479911113158,7.81549785342222,100.0,9600,1.6795539855957031,1.485471932496977e-05,2.1426396339415797e-05,783.4134825915278,100.0
750,1.5554535388946533,782.2228332698311,2.367518832839443,783.4118748419593,771.2900799150589,100.0,5.116759485294184,0.1,0.012801885604858398,0.2910735607147217,0.050226547,0.017531304,782.095425827654,-0.006544518374818947,7.815538814958515,100.0,9600,1.4237453937530518,2.238646313037482e-05,1.540939750246762e-05,783.3884476155669,100.0
751,1.6225616931915283,782.2633882145004,1.963505976156304,783.3976517885454,775.3114349390305,100.0,5.382143934641431,0.1,0.011893510818481445,0.3054778575897217,0.04891669,0.017799294,782.1122220663387,-0.006556413982685257,7.8159435860173145,100.0,9600,1.7849609851837158,1.0998928364363828e-05,1.0501307331562273e-05,783.3764140386954,100.0
752,1.6110351085662842,782.0618917841197,2.7454282751468595,783.4082578609039,771.2875097735258,100.0,4.2188365777820644,0.1,0.011900186538696289,0.2875406742095947,0.04904531,0.020414365,782.1071890381169,-0.006488902845479851,7.813927763821186,100.0,9600,1.5212647914886475,1.3164374884971153e-05,1.3462622267990268e-05,783.3822131958053,100.0
753,1.707211971282959,781.7632986957178,2.4193713074406946,783.3957423075782,771.361123084046,100.0,3.8221782198277325,0.1,0.012965917587280273,0.3066279888153076,0.04666478,0.022321882,782.072800003877,-0.006557870459255172,7.810942129540744,100.0,9600,1.83009672164917,1.3498447321430074e-05,2.109957127060406e-05,783.398203107921,100.0
754,1.7377336025238037,781.6411259986415,2.7583421728169863,783.4038149189445,771.2941896163778,100.0,4.264833358211799,0.1,0.01190328598022461,0.29102110862731934,0.04831387,0.028199505,782.0296326033535,-0.0065300611097136385,7.809719938890287,100.0,9600,1.3712432384490967,3.2876742992431036e-05,2.4485830624081784e-05,783.3903227933298,100.0
755,1.5698766708374023,782.3542119358373,2.086620809933339,783.4117589559338,775.3141166513805,100.0,5.562886728326432,0.1,0.011864423751831055,0.28614330291748047,0.04473269,0.01585834,782.062090536602,-0.006481438559549034,7.816851894773785,100.0,9600,1.9740240573883057,1.9550324498202056e-05,1.389942008301498e-05,783.3853206903129,100.0
756,1.559903621673584,782.22689975113,2.6362869544422334,783.4276923379389,767.3009922357411,100.0,3.767188029528413,0.1,0.013036727905273438,0.28844475746154785,0.048866156,0.02390803,782.0785714580549,-0.006502330458114673,7.815997669541886,100.0,9600,1.7314648628234863,1.6026856530286546e-05,1.6229344701707363e-05,783.4010299995299,100.0
757,1.5209145545959473,781.8040424204064,2.857256255382485,783.4079845192124,771.3040159565815,100.0,3.7563060838552516,0.1,0.01284170150756836,0.291731595993042,0.04509002,0.019390006,782.05111855429,-0.0065663989065249334,7.811350267760143,100.0,9600,1.8207406997680664,1.9224737577914e-05,1.8810485065668118e-05,783.4162228181281,100.0
758,1.5633625984191895,781.7633884782807,2.744993501592242,783.4084416860944,771.3463845164514,100.0,3.8071443665248967,0.1,0.011902809143066406,0.27668118476867676,0.04971764,0.02130684,782.0223455466892,-0.006556440221432665,7.8109435597785675,100.0,9600,2.217022180557251,1.9501839670488828e-05,1.9340814976526183e-05,783.3785183095175,100.0
759,1.5972108840942383,781.7208362063624,2.8699976547781634,783.3982264822287,771.2861818646702,100.0,4.9348216773438125,0.1,0.012143850326538086,0.33766746520996094,0.048271775,0.019174956,781.9921946126566,-0.006564528572432514,7.8105188047609,100.0,9600,1.5738074779510498,1.6194330151979704e-05,1.600955165132339e-05,783.414744188565,100.0
760,1.5460424423217773,781.6374113648229,2.6976683364287957,783.3963767270011,771.2929846529023,100.0,4.314343896654574,0.1,0.011818408966064453,0.3285715579986572,0.04829743,0.021063495,781.9567162878732,-0.006566870639345748,7.809683129360654,100.0,9600,1.3135912418365479,1.6660129887331542e-05,1.710826212647024e-05,783.3905748074976,100.0
761,1.564392328262329,782.5973642636727,1.8590283075884364,783.396086110058,775.2897774703945,100.0,5.361509796181144,0.1,0.012946128845214844,0.29903602600097656,0.049293455,0.01702238,782.0207810854531,-0.0065489118945002535,7.819284421438834,100.0,9600,1.7372589111328125,1.4081166375669694e-05,1.071013807912417e-05,783.3983965289455,100.0
762,1.6898930072784424,781.7261707920565,2.68695965505436,783.421224709328,771.3174791398764,100.0,4.210329753627359,0.1,0.011907100677490234,0.3202497959136963,0.049065832,0.018728558,781.9913200561135,-0.006512645246142805,7.81057068808719,100.0,9600,1.659550428390503,1.91456392272711e-05,1.865549147310285e-05,783.3856552230296,100.0
763,1.5520431995391846,781.4714284514293,3.3283056883768096,783.4025285469427,767.2635035729766,100.0,3.228557405515159,0.1,0.013134002685546875,0.2989072799682617,0.050281167,0.025367798,781.9393308956452,-0.006557935346913193,7.80802539798642,100.0,9600,1.917468786239624,2.2851179625209118e-05,2.32476462765744e-05,783.3788692361062,100.0
764,1.5861454010009766,781.7659903912976,2.7437319129271236,783.3975387449253,767.3190486207898,100.0,4.467085761907644,0.1,0.014404535293579102,0.3045177459716797,0.049249,0.020426458,781.9219968452104,-0.006529626101592501,7.8109703738984075,100.0,9600,1.3818278312683105,2.40011983363632e-05,2.3248210258595618e-05,783.3917540711388,100.0
765,1.627061128616333,782.1844972984364,2.1587377927861042,783.3910639788819,771.3218226461385,100.0,5.377954915237578,0.1,0.009216785430908203,0.28149962425231934,0.048687916,0.017323386,781.948246890533,-0.0065123163744698655,7.815154350292197,100.0,9600,1.6186144351959229,1.311660250121032e-05,1.372694062599361e-05,783.3604682729044,100.0
766,1.603330135345459,781.6429134206936,3.2065062588393745,783.3987925981222,767.3323265502258,100.0,4.256372911886257,0.1,0.013998270034790039,0.33567237854003906,0.04757607,0.015255638,781.9177135435491,-0.006511844110283541,7.809738155889716,100.0,9600,1.6112394332885742,2.2608460606452994e-05,1.979919744321547e-05,783.3874853286973,100.0
767,1.6027514934539795,782.4798458876094,2.1798610295508287,783.4077229339376,775.3038178929386,100.0,4.345924522669,0.1,0.01296544075012207,0.3361492156982422,0.049822684,0.017618125,781.9739267779552,-0.006474678773684038,7.818108654559649,100.0,9600,1.637272596359253,1.404011145538847e-05,1.2912749350847056e-05,783.3857379159424,100.0
768,1.5588910579681396,782.1457485262014,2.722895558495554,783.4122260317057,767.3128277624176,100.0,4.059902064935125,0.1,0.011829614639282227,0.2789275646209717,0.045209832,0.01832146,781.9911089527798,-0.00648142674525756,7.814768573254742,100.0,9600,1.3454489707946777,1.7132200687596568e-05,1.8790607642389755e-05,783.4051106307508,100.0
769,1.6558892726898193,781.7251075533185,2.869857841754909,783.399755317487,767.3365426500641,100.0,4.889080464039968,0.1,0.012773513793945312,0.303530216217041,0.047387842,0.017392235,781.9645088128336,-0.006522298884040362,7.810561034449293,100.0,9600,1.7482497692108154,2.5171792166322647e-05,2.5781098662755564e-05,783.4042186561055,100.0
770,1.5895216464996338,782.7690201516657,1.6343741760264383,783.4056623463537,775.3116576919814,100.0,5.699714895400325,0.1,0.026593923568725586,0.2531592845916748,0.045273516,0.015630603,782.0449599467169,-0.006500511830242951,7.820999488169757,100.0,9600,1.7448618412017822,7.528557203288512e-06,6.2562458374271245e-06,783.3743692925668,100.0
771,1.603764533996582,782.2678812570049,2.0429448942737936,783.4096463769838,775.293360316586,100.0,4.081400033814867,0.1,0.012796163558959961,0.2946183681488037,0.04470464,0.018950395,782.0672520777457,-0.006511571218123235,7.815988428781876,100.0,9600,1.594097375869751,1.2208036170115135e-05,1.2281213999551822e-05,783.3708082738599,100.0
772,1.5727334022521973,782.263588246046,2.5601862992710274,783.409956848762,771.2911179277902,100.0,4.25696731094126,0.1,0.011749267578125,0.2699446678161621,0.05057983,0.019732552,782.0868856945758,-0.006553142950613281,7.815946857049387,100.0,9600,1.304183006286621,1.6846515270527697e-05,1.642328957728676e-05,783.3955751095407,100.0
773,1.5641839504241943,782.4747062895476,1.937086967044183,783.4078140137804,771.3016434612663,100.0,4.158096068767663,0.1,0.012943506240844727,0.28707146644592285,0.049143493,0.016737528,782.125667754073,-0.006524988854362752,7.818058344478971,100.0,9600,1.3892595767974854,8.683887188058268e-06,1.2341526947663487e-05,783.3978222414461,100.0
774,1.5820527076721191,782.1032917538928,2.266002816836463,783.4129940462678,775.2997503054039,100.0,4.419503456697674,0.1,0.012711286544799805,0.3028538227081299,0.048534177,0.02019497,782.1234301540551,-0.00649018269368102,7.814343150639654,100.0,9600,2.293187379837036,1.5590259386155466e-05,1.3856180650353245e-05,783.3919736188575,100.0
775,1.5731384754180908,782.2646264876848,2.123590071401428,783.413957664046,775.2956387569967,100.0,4.656109446834946,0.1,0.012048721313476562,0.2867929935455322,0.04691331,0.017943224,782.137549787418,-0.006543255200576554,7.815956744799423,100.0,9600,1.362452745437622,1.3971785157223602e-05,1.5806114050634623e-05,783.379228060795,100.0
776,1.578901767730713,781.8910194363485,2.1730866337823325,783.4134581843267,775.3349918116157,100.0,4.419243808798918,0.1,0.012925148010253906,0.3136446475982666,0.05005003,0.020347845,782.1128967523111,-0.0065296641370796394,7.8122203358629205,100.0,9600,1.9127025604248047,1.6021952345299634e-05,1.629161374613085e-05,783.4099971378025,100.0
777,1.6885285377502441,782.2243189614884,2.43648561212411,783.4123376249322,771.2898925623568,100.0,4.667968956753492,0.1,0.008714675903320312,0.3119964599609375,0.047514554,0.017455915,782.1240389732288,-0.006529693905210967,7.8155536394281215,100.0,9600,1.7716515064239502,1.6170519580802566e-05,1.466212058761482e-05,783.3639960654165,100.0
778,1.5884718894958496,781.9764855261393,2.3766961266968356,783.4007900129521,775.2783501429558,100.0,5.569182132021994,0.1,0.012898683547973633,0.3221602439880371,0.050204113,0.013658065,782.10928362852,-0.006508002007834063,7.8130753313255,100.0,9600,2.2339510917663574,1.620116305976718e-05,1.6040951150065724e-05,783.4229253722318,100.0
779,1.609774112701416,782.1407158322404,2.102657765293179,783.4092358197962,775.2805635136891,100.0,4.034622402884076,0.1,0.020187854766845703,0.2948179244995117,0.045607034,0.018596685,782.112426848892,-0.0065332311329063504,7.814716768867093,100.0,9600,1.612748146057129,1.2245003311194394e-05,1.176047076386078e-05,783.3756977366103,100.0
780,1.5654032230377197,781.8512839899486,2.263075043311106,783.4193890521589,775.2985959387632,100.0,4.2770065046071455,0.1,0.012825489044189453,0.32437825202941895,0.043838296,0.016787667,782.0863125629977,-0.006510254991594672,7.811823078341739,100.0,9600,1.7939329147338867,1.223507696605238e-05,1.1741115300703587e-05,783.4171898751123,100.0
781,1.6040394306182861,782.2329361402135,2.5729504740601916,783.4116506410294,771.298524846192,100.0,4.337445705905586,0.1,0.02704620361328125,0.3013730049133301,0.049799684,0.020615174,782.1009749207193,-0.006443550932742105,7.815639782400591,100.0,9600,1.3817968368530273,1.4568975436443112e-05,1.474546342066038e-05,783.3699735925494,100.0
782,1.599379062652588,782.478356971249,2.331172688855831,783.4130934560117,771.2937879526785,100.0,4.018853355666111,0.1,0.012975692749023438,0.3186218738555908,0.04873577,0.019626416,782.1387131257723,-0.0064891009504048506,7.818510899049595,100.0,9600,1.5059609413146973,1.3230461755445175e-05,1.2495263182864646e-05,779.3737553620126,100.0
783,1.6427574157714844,782.1421095714686,2.3956704201501293,783.4325475384179,771.3359653032439,100.0,4.483807303986308,0.1,0.01181936264038086,0.2819085121154785,0.04860656,0.018948883,782.1390527703419,-0.006519418107515132,7.814730581892486,100.0,9600,1.6752135753631592,1.3167597004744561e-05,1.2967676412956433e-05,783.3590517347179,100.0
784,1.7106199264526367,782.5170730779473,1.7282514350065057,783.4120290475228,775.3330339598028,100.0,4.5383030507789055,0.1,0.014099359512329102,0.3023717403411865,0.04752914,0.017466461,782.1768548011024,-0.006519797485810654,7.81848020251419,100.0,9600,1.5795392990112305,9.334090780016795e-06,8.958805228509077e-06,783.3878418234356,100.0
785,1.6852896213531494,782.0542007914056,2.619191568922281,783.3942099151367,771.3078252910616,100.0,4.391385955981462,0.1,0.013508319854736328,0.33622264862060547,0.04949727,0.019373022,782.1645894001327,-0.006564268002230486,7.813852398664436,100.0,9600,1.8384826183319092,1.6970889745225798e-05,1.7160006166309716e-05,783.3783914458453,100.0
786,1.5731289386749268,782.561290659372,1.797171612199648,783.416106512255,775.3240090454867,100.0,4.617417227269029,0.1,0.013133049011230469,0.2966582775115967,0.04794379,0.016521081,782.2042595260567,-0.00649479108455174,7.818921875582114,100.0,9600,1.1696147918701172,9.463337988851403e-06,9.699597517850863e-06,783.3996303893621,100.0
787,1.5741658210754395,782.4308425251598,1.8696648499882131,783.4014372218685,775.3574851057543,100.0,4.675269541682994,0.1,0.012995719909667969,0.26192331314086914,0.050052978,0.017781392,782.2269178259671,-0.00654874603452645,7.817617920632139,100.0,9600,1.6005744934082031,1.0752469245703188e-05,1.390510738975116e-05,783.4066712319949,100.0
788,1.5873675346374512,782.2699960185743,2.2023319523121665,783.4108806449606,775.2991189510093,100.0,5.008571705494025,0.1,0.013285636901855469,0.32799744606018066,0.044818573,0.016378636,782.2312256452278,-0.0064897647612499896,7.81601023523875,100.0,9600,1.4468739032745361,1.6622433761429493e-05,1.553756218212054e-05,783.3706587786645,100.0
789,1.5801358222961426,781.7282040500482,3.0979491024553574,783.4108101264097,767.2703108463843,100.0,3.713824523044138,0.1,0.012835025787353516,0.29241108894348145,0.050059985,0.022222849,782.1809234857099,-0.006492279026721744,7.81059105430661,100.0,9600,1.6205501556396484,2.2014469913222188e-05,2.0786145891030733e-05,783.4004433566308,100.0
790,1.5897066593170166,782.4431199615359,1.9597466942740311,783.4109359160819,775.3217968263768,100.0,4.044856636931433,0.1,0.008365154266357422,0.2666606903076172,0.045688447,0.018750023,782.2071431332924,-0.006424291585246873,7.81774237508142,100.0,9600,1.4061100482940674,7.161898065707945e-06,7.0655639534629575e-06,783.4141336727332,100.0
791,1.5955924987792969,781.8518992224568,2.5387333888942627,783.4140191993611,771.3236215481988,100.0,3.985460547317317,0.1,0.012892484664916992,0.31505656242370605,0.044947732,0.015109532,782.1716187422089,-0.006504401214368026,7.811828932118966,100.0,9600,1.5730371475219727,1.683658079160216e-05,1.601488427496915e-05,783.3728751303062,100.0
792,1.7418792247772217,782.313138834083,1.8537538990401057,783.4037168078089,775.3238738019032,100.0,4.443079842275949,0.1,0.012957334518432617,0.3049604892730713,0.050190475,0.020954538,782.1857707513964,-0.006475275341691729,7.816441391324974,100.0,9600,1.614837408065796,1.054780869007578e-05,1.0202147862337735e-05,783.3959328391139,100.0
793,1.5771727561950684,782.0616940937583,2.3541682169982483,783.4020486833826,771.3052619468767,100.0,3.805255178914854,0.1,0.012788534164428711,0.2478771209716797,0.043429572,0.0170205,782.1733630856327,-0.0064894226881748686,7.813927243978491,100.0,9600,2.4270756244659424,1.6110518617948997e-05,1.576899272904172e-05,783.3776780582855,100.0
794,1.6166086196899414,782.3579497426275,2.09307476699735,783.4087563328643,775.2925274919287,100.0,3.653888051061546,0.1,0.011970043182373047,0.3080577850341797,0.046992756,0.01947595,782.1918217513321,-0.0064441297419229925,7.816889203591408,100.0,9600,1.4465277194976807,8.975315533439281e-06,7.882522347376578e-06,783.3830236409217,100.0
795,1.5659887790679932,782.0185264440001,2.6948140399919867,783.4127531554226,771.2593635215147,100.0,3.872813420949905,0.1,0.011820554733276367,0.2993428707122803,0.049361974,0.022514692,782.174492220599,-0.006504529054332633,7.813912137612334,100.0,9600,1.6200196743011475,1.8204016274302222e-05,2.147537710269415e-05,783.3909161212316,100.0
796,1.565154790878296,782.403258304842,2.0677222572337413,783.4119902993273,775.3126636164254,100.0,3.8537325143555012,0.1,0.016618967056274414,0.32256364822387695,0.04731755,0.021309353,782.1973688290234,-0.0064066436042165735,7.817343356395784,100.0,9600,1.268561840057373,1.5776977426650718e-05,1.3526893439388479e-05,783.4069045321119,100.0
797,1.563089370727539,782.6055555432084,1.6691765162199723,783.4107450437075,775.3128489138129,100.0,5.628029268961132,0.1,0.005887746810913086,0.1279921531677246,0.048050083,0.015265647,782.2381875004419,-0.006466764720661322,7.819366568612672,100.0,9600,1.42402982711792,8.292449599494844e-06,9.343576377140946e-06,783.3927743963173,100.0
798,1.5801548957824707,782.2713420584993,2.3509746436331147,783.4160225421161,771.3121038340926,100.0,3.885082440225899,0.1,0.012818574905395508,0.3105428218841553,0.046844997,0.019622384,782.2415029562476,-0.006475380934255937,7.816024619065743,100.0,9600,1.9665923118591309,1.4535081425852838e-05,1.3653873495736142e-05,783.4036043608378,100.0
799,1.5909888744354248,782.5189604312321,1.8238937026826225,783.4037838387836,775.3063534953259,100.0,4.025206115422938,0.1,0.01349496841430664,0.3187747001647949,0.04254519,0.019173378,782.269248703746,-0.006499060524252053,7.818500939475747,100.0,9600,1.5551376342773438,9.837574589374702e-06,9.561154682938096e-06,783.3377099190104,100.0
800,1.7276690006256104,782.102044340215,2.8550419975027097,783.4140885567929,763.3070364116616,100.0,4.869861710750173,0.1,0.013613224029541016,0.29503321647644043,0.048624784,0.016943106,782.252528267393,-0.006502286994992365,7.814331046338341,100.0,9600,1.6614763736724854,1.8433567129341896e-05,2.0570758110919776e-05,783.3912396934463,100.0
801,1.5965850353240967,781.7262902999918,2.7511328609029073,783.4086361036323,771.3164567861172,100.0,4.509851238414393,0.1,0.010357379913330078,0.318511962890625,0.044711422,0.018065289,782.1999044706529,-0.006510563548283451,7.8105727697850496,100.0,9600,1.2970232963562012,2.9547021474468773e-05,2.6413809978495966e-05,783.3772746690059,100.0
802,1.5981743335723877,782.2280512619391,2.062390254887042,783.4136631200415,775.3180296166119,100.0,3.5086303167863755,0.1,0.015757322311401367,0.3084895610809326,0.046117976,0.02046579,782.2027191497816,-0.006493369470865688,7.815589963862467,100.0,9600,1.7988529205322266,1.5458415586364428e-05,1.3160978674349378e-05,783.3838969699756,100.0
803,1.5876362323760986,782.2716928261237,2.422424349458475,783.407955569076,771.3065852537113,100.0,4.373940396403265,0.1,0.012984275817871094,0.29792284965515137,0.04778369,0.018353831,782.2096165174158,-0.006472506680327227,7.816027493319673,100.0,9600,1.9747211933135986,1.6477712653495056e-05,1.508398449173605e-05,783.3895738036783,100.0
804,1.584324598312378,782.7379246911623,1.7670260469566341,783.4073789246991,775.3434056023367,100.0,4.1127495421194675,0.1,0.011762380599975586,0.3237161636352539,0.04863559,0.019908983,782.2624473347905,-0.0063932816939893805,7.820690051639343,100.0,9600,1.5952448844909668,7.880472672166975e-06,7.4786408003509355e-06,783.4216813901078,100.0
805,1.594963550567627,782.1868390693734,2.0867740687556355,783.4051384457081,775.2944379875617,100.0,4.035365926017452,0.1,0.028467416763305664,0.3110537528991699,0.047934882,0.02075564,782.2548865082489,-0.006488420490826205,7.81517824617584,100.0,9600,1.6702992916107178,1.4706418237941084e-05,1.3174542350904102e-05,783.388190910042,100.0
806,1.5694990158081055,782.3216699280098,2.184727553728874,783.4126778187447,771.3362849465809,100.0,4.320112417183932,0.1,0.012197732925415039,0.29123687744140625,0.04929225,0.02009813,782.261564850225,-0.00639008539577052,7.816526581270896,100.0,9600,1.7433364391326904,9.549443979300823e-06,1.1832447168019128e-05,783.3941952251389,100.0
807,1.6423451900482178,782.5299923193166,2.0013343001085544,783.4200261266071,775.3197303648913,100.0,4.974585063027095,0.1,0.013012409210205078,0.294330358505249,0.048102804,0.01817373,782.2884075971342,-0.006389439544948136,7.818610560455052,100.0,9600,2.026179075241089,1.328310330295782e-05,1.1088818165550987e-05,783.3929509405242,100.0
808,1.5643210411071777,781.8590747111353,2.908027935542181,783.4123824336477,767.3290238483629,100.0,4.181948289239771,0.1,0.011772871017456055,0.27413201332092285,0.047307026,0.021053847,782.2454743085343,-0.006432347439995778,7.811900985893338,100.0,9600,1.3456690311431885,2.595105532543107e-05,2.664446348041503e-05,783.4016057176785,100.0
809,1.5765347480773926,782.0651924378708,2.3525618352956514,783.4030151386844,771.3207725375397,100.0,4.711349055147548,0.1,0.012011051177978516,0.127119779586792,0.049356237,0.017559716,782.227446121468,-0.006454730424911623,7.813961936241754,100.0,9600,1.4984033107757568,1.8526022019518968e-05,1.4234930501223471e-05,783.4006273598986,100.0
810,1.5875287055969238,782.1494741837065,2.253130843156753,783.4141000281522,775.3092352149722,100.0,4.695180392454039,0.1,0.012961864471435547,0.2715733051300049,0.04864148,0.017676413,782.2196489276919,-0.006446142043399587,7.8148038579566,100.0,9600,1.5371074676513672,1.3021463929475787e-05,1.2909303312445597e-05,783.3970268478263,100.0
811,1.547903060913086,782.3586118933052,2.0884267370557676,783.4084403325902,775.340375082491,100.0,3.8614963199977033,0.1,0.013007640838623047,0.2626972198486328,0.047322158,0.02266675,782.2335452242532,-0.006437155685448247,7.816896177647884,100.0,9600,1.801459550857544,1.0191555300177861e-05,1.0012162013908366e-05,783.356228945037,100.0
812,1.5628600120544434,782.315102854493,1.9413244441822626,783.403606864895,775.3105374797758,100.0,4.084271052025716,0.1,0.007013559341430664,0.26825523376464844,0.046373002,0.019440781,782.2417009872772,-0.006455147985686371,7.81646151868098,100.0,9600,1.7268836498260498,1.0606491503973697e-05,1.2812709727778951e-05,783.3824936953458,100.0
813,1.5946357250213623,782.3586637394096,2.3862376446854303,783.4513888384233,771.3163836410564,100.0,4.046521741077852,0.1,0.013038396835327148,0.30709409713745117,0.048175193,0.018850472,782.2533972624906,-0.006436391587654802,7.816896941745679,100.0,9600,1.9171040058135986,1.5891762143669306e-05,1.3663487006294554e-05,783.4108847953257,100.0
814,1.7494382858276367,781.8528882524348,2.259656403964002,783.4090994096766,775.3353934615121,100.0,4.110572763253425,0.1,0.012915372848510742,0.33478236198425293,0.04782113,0.017620064,782.213346361485,-0.006495460698711077,7.811837872634622,100.0,9600,1.9081919193267822,1.518773420265252e-05,2.1099686001135663e-05,783.4122285040174,100.0
815,1.5687806606292725,782.4857110071401,1.8475984772823755,783.397862148028,775.364320509738,100.0,3.807376681043176,0.1,0.01427006721496582,0.31365108489990234,0.049078852,0.020472009,782.2405828260505,-0.00641659912853959,7.8181667342047945,100.0,9600,1.9441757202148438,9.495693240472373e-06,7.322799160373455e-06,783.3846888139651,100.0
816,1.5736758708953857,781.8126057865848,3.140614267814289,783.4278757298931,763.2637756262616,100.0,3.6984530802848705,0.1,0.013028144836425781,0.2590792179107666,0.049015854,0.026009785,782.1977851221039,-0.006479262108683072,7.811437404557984,100.0,9600,1.4609203338623047,2.4051230094027487e-05,2.3713376400976568e-05,783.4003176357182,100.0
817,1.565255880355835,782.1871818784499,2.379666843934454,783.407530846697,771.2967943489481,100.0,3.7272033155970012,0.1,0.01324772834777832,0.32793354988098145,0.049233582,0.023526056,782.1967247977385,-0.0064848537108990025,7.8151818129557675,100.0,9600,1.7426636219024658,1.4588506028462344e-05,1.5015744305610744e-05,783.4114512094128,100.0
818,1.564387559890747,781.980854118054,2.6436678269781253,783.4042281104252,771.2748764275241,100.0,4.165292630654341,0.1,0.013477325439453125,0.29297924041748047,0.04841975,0.019579245,782.1751377297701,-0.006464905249737165,7.8131184280835955,100.0,9600,1.5267910957336426,1.7215970420524896e-05,1.5759166399895622e-05,783.3605274429914,100.0
819,1.5493247509002686,782.3519275146045,2.1639230207430367,783.4122114767464,771.3553281438218,100.0,5.421595968186159,0.1,0.012880325317382812,0.27559900283813477,0.048639227,0.0147855915,782.1928167082535,-0.006501807764456728,7.817248192235543,100.0,9600,1.6671841144561768,1.1661660133278259e-05,1.1676749691581925e-05,783.3646093132749,100.0
820,1.6057813167572021,782.5261838590019,2.37933319421044,783.4184461098694,767.3402614026875,100.0,4.437949003017813,0.1,0.011902093887329102,0.3187398910522461,0.048316017,0.020955209,782.2261534233284,-0.006427537123505749,7.818572462876493,100.0,9600,1.5438449382781982,1.8868113621381373e-05,1.9120938847305965e-05,783.3448910049981,100.0
821,1.6081178188323975,782.4413777823271,1.962444141985697,783.4159433553322,771.3089227557982,100.0,3.415441210206704,0.1,0.01189279556274414,0.2632436752319336,0.051129222,0.02456542,782.2476758592283,-0.006443807672889666,7.817722858993778,100.0,9600,1.6157548427581787,1.0427976378178327e-05,9.171622158365068e-06,783.351440969877,100.0
822,1.7069313526153564,782.5254089814538,1.9121835884687375,783.4211658474796,775.3139700893726,100.0,4.210057647621891,0.1,0.01673126220703125,0.31884193420410156,0.045873515,0.01923454,782.2754491714509,-0.0064360157464639,7.818563984253537,100.0,9600,1.8383514881134033,9.232798243795043e-06,9.239749354584766e-06,783.3499252774592,100.0
823,1.5655977725982666,782.345614352219,2.0074492648865734,783.3922858436052,775.324115371586,100.0,4.4231775914970655,0.1,0.013108015060424805,0.30972909927368164,0.04915995,0.019861802,782.2824656895277,-0.006567846282685242,7.816765487050648,100.0,9600,1.5845868587493896,1.0964052318873487e-05,1.1039134440443545e-05,783.3960606031322,100.0
824,1.5859673023223877,782.5973931812326,1.5673351433661606,783.4181587855393,779.3032091425557,100.0,4.6130164660853294,0.1,0.011827945709228516,0.3043844699859619,0.047869332,0.017792169,782.3139584386983,-0.006548837163091949,7.8192844961702415,100.0,9600,1.8261218070983887,7.88705815145397e-06,7.304180049635707e-06,783.374173555349,100.0
825,1.5578949451446533,782.1812460374823,2.4494063007210807,783.4080921609647,771.3372877894427,100.0,3.928105820093404,0.1,0.012844324111938477,0.29577159881591797,0.04926722,0.022326678,782.3006871985767,-0.006544434862274261,7.815122231804394,100.0,9600,1.9334015846252441,1.5179834006904905e-05,2.0102864417129586e-05,783.3744882145835,100.0
826,1.5620718002319336,782.4729791185891,2.023346014814085,783.4102056582879,771.2664433167776,100.0,3.8818081294988076,0.1,0.012883901596069336,0.3303647041320801,0.049916085,0.021636115,782.317916390578,-0.006543248236839073,7.818040085096494,100.0,9600,1.611227035522461,1.8632054871510026e-05,1.2628630226071306e-05,783.3325686075412,100.0
827,1.5987803936004639,782.2248891902213,2.065237821506779,783.3923024287118,775.3111105970745,100.0,3.5924121600216914,0.1,0.013281106948852539,0.2890617847442627,0.044433035,0.0183439,782.3086136705424,-0.006524155210142016,7.815559178123192,100.0,9600,1.5987958908081055,1.2584712329450429e-05,1.3261007023427015e-05,783.382847030497,100.0
828,1.6029138565063477,782.7263729182451,1.7681926436574673,783.4068041733395,775.304875669986,100.0,3.579971551587048,0.1,0.01304316520690918,0.31119704246520996,0.046269853,0.01880121,782.3503895953127,-0.006509416197446431,7.820573917135888,100.0,9600,2.0688962936401367,8.32395047228357e-06,7.962820593134698e-06,783.3933705807931,100.0
829,1.602320909500122,782.3524019582786,2.3203858010769425,783.4230874568965,771.306379064152,100.0,3.274324891002563,0.1,0.013300418853759766,0.32201099395751953,0.04205323,0.01997888,782.3505908316092,-0.006497581926220638,7.816835751407113,100.0,9600,1.2338135242462158,1.0098626090935255e-05,1.0344628430485457e-05,783.4166968276595,100.0
830,1.7446470260620117,782.0145595826565,2.3631553161499865,783.4080569067999,771.3581818332825,100.0,4.215144106781511,0.1,0.015561342239379883,0.30007266998291016,0.043115042,0.016125578,782.316987706714,-0.0065444835977411285,7.81345551640226,100.0,9600,1.6337122917175293,1.704940654465046e-05,1.6609290293073803e-05,783.3719005244023,100.0
831,1.5811436176300049,782.139976371452,2.1754029407530155,783.3922258757615,771.3474037329842,100.0,4.476596931383169,0.1,0.012806415557861328,0.3060014247894287,0.047776017,0.018573413,782.2992865731878,-0.006539310095266548,7.814710689904733,100.0,9600,1.9183783531188965,1.533098864111259e-05,1.4224677562025954e-05,783.3679119564582,100.0
832,1.577744960784912,782.2192933341375,2.2189780012780003,783.3944083428804,775.3183537690494,100.0,4.362010376173636,0.1,0.012772321701049805,0.3201882839202881,0.048640892,0.019462885,782.2912872492828,-0.0065801348254368825,7.815503198507897,100.0,9600,1.3665971755981445,1.177874108506098e-05,1.237645403306953e-05,783.3864976668709,100.0
833,1.5988843441009521,781.8069471703398,2.613625392962395,783.4084575659956,771.3295014369594,100.0,4.24787695098365,0.1,0.013188362121582031,0.34290099143981934,0.045518663,0.01782875,782.2428532413885,-0.006537040737350625,7.811379625929316,100.0,9600,1.5849928855895996,2.0867351172026427e-05,1.9798789000286515e-05,783.4167206996432,100.0
834,1.5427141189575195,782.3942604130258,2.2190088941015684,783.4034763312185,771.3869184152359,100.0,4.685523957812691,0.1,0.012459039688110352,0.34475135803222656,0.044028103,0.015271878,782.2579939585523,-0.006498794618861009,7.81725120538114,100.0,9600,1.918583869934082,1.4616686525373065e-05,1.1106795177140806e-05,783.3956272033184,100.0
835,1.6257236003875732,781.9767896120087,2.0702079343754916,783.3978378753916,775.3313512507742,100.0,4.334675194837964,0.1,0.011784553527832031,0.28705453872680664,0.049996927,0.020059606,782.2298735238979,-0.0065046972869721815,7.81307863604636,100.0,9600,1.5571303367614746,1.187655277150982e-05,1.2064413239496575e-05,783.3723237803621,100.0
836,1.5872259140014648,782.3921197990476,1.808110909914735,783.4051164791812,775.3679801598206,100.0,4.480724759576114,0.1,0.012861013412475586,0.2850799560546875,0.0486167,0.019435497,782.246098151413,-0.006519068457280006,7.81723093154272,100.0,9600,1.7473013401031494,1.0955031831541944e-05,9.719207366551224e-06,783.3645177800963,100.0
837,1.7003417015075684,782.0208449530259,2.140003987613178,783.3984275018305,775.3202257976426,100.0,5.001370652995233,0.1,0.012855052947998047,0.2680830955505371,0.047449477,0.017098136,782.2235728315743,-0.006481626563977924,7.813518373436022,100.0,9600,1.7252318859100342,1.3940925812814658e-05,1.40092435087943e-05,783.3663143444645,100.0
838,1.7581775188446045,782.4708580142245,1.8500779518694093,783.388615863936,775.2946165934807,100.0,4.227172858007343,0.1,0.012758970260620117,0.30539393424987793,0.04803159,0.020710241,782.2483013498394,-0.006564267208751723,7.818019066124582,100.0,9600,1.334019422531128,9.175166364532596e-06,9.089218026904775e-06,783.3813326811554,100.0
839,1.5752227306365967,781.8453752773145,2.4738356518568954,783.3945262223909,775.2965929089019,100.0,5.325768876694538,0.1,0.011846780776977539,0.26388025283813477,0.048472226,0.015778339,782.2080087425869,-0.006568917218384123,7.81176441611495,100.0,9600,1.3754355907440186,1.8597598110091533e-05,1.73907684414009e-05,783.356863667464,100.0
840,1.578845500946045,782.344034256484,1.9225032159138293,783.3926660139078,775.2996466054501,100.0,3.8614209791296137,0.1,0.013124227523803711,0.3104259967803955,0.047314215,0.021165377,782.2216112939766,-0.006582209410177314,7.816751123923157,100.0,9600,1.9210426807403564,1.0639409811868462e-05,1.014562567660532e-05,783.3481715364486,100.0
841,1.5855276584625244,782.0071739296374,2.142204635343275,783.3958613444468,775.3072837244109,100.0,4.028953901470209,0.1,0.020171403884887695,0.31450891494750977,0.04796343,0.018840864,782.2001675575427,-0.0066185622490575495,7.813381437750942,100.0,9600,1.7638564109802246,1.0193037997944823e-05,1.0089346297515087e-05,783.3688364420802,100.0
842,1.5638563632965088,782.30862466277,1.850958156335746,783.4004558109295,775.2799529538893,100.0,4.502883682539356,0.1,0.012805461883544922,0.2820868492126465,0.046718,0.019413373,782.2110132680655,-0.006520974192789256,7.816395692473878,100.0,9600,1.253204345703125,8.138159760256367e-06,8.508052692834393e-06,783.4033610408103,100.0
843,1.5773398876190186,782.0576023842345,2.490476905002501,783.4228341957429,771.2942285571112,100.0,4.591803859975222,0.1,0.013073921203613281,0.26621437072753906,0.04798639,0.019326743,782.1956721796823,-0.006530172908365314,7.813886493758301,100.0,9600,1.0687363147735596,1.6308655998974536e-05,1.6666257955780504e-05,783.3839559380536,100.0
844,1.5819413661956787,781.9297025018999,2.52520325239768,783.3927382950766,771.3354685101791,100.0,5.771637306446512,0.1,0.0130615234375,0.2620863914489746,0.050250087,0.014855484,782.1690752119041,-0.00655967433954861,7.812606992327119,100.0,9600,1.6193959712982178,1.6578601376190314e-05,1.6869785616093664e-05,783.3937639384197,100.0
845,1.7141835689544678,782.3521405909133,2.2424178842546763,783.4262385159544,771.328565429523,100.0,5.363364528172241,0.1,0.01288914680480957,0.292863130569458,0.048509505,0.016281115,782.1873817498051,-0.006502760029016112,7.816830573304316,100.0,9600,1.5871925354003906,1.1734362112827785e-05,1.1978569122942285e-05,783.3822436707359,100.0
846,1.5859618186950684,782.4806183649615,1.935974667300837,783.4269173334733,775.3390892200307,100.0,5.70359765816159,0.1,0.01183319091796875,0.30246877670288086,0.048375476,0.015419899,782.2167054113208,-0.006467503645075395,7.818115829688257,100.0,9600,1.4876465797424316,1.1478036649689642e-05,1.130558780198335e-05,783.3910411465856,100.0
847,1.5583088397979736,782.8136452466488,1.4881243096542291,783.4137967641067,775.3376125989181,100.0,5.546511990158084,0.1,0.013153076171875,0.31641292572021484,0.04853417,0.0188764,782.2763993948537,-0.0064711616274488555,7.821445505039218,100.0,9600,1.5145854949951172,6.782444407706868e-06,7.117018688458147e-06,783.374574380934,100.0
848,1.6009392738342285,782.1879334084279,2.074656616304651,783.4085310010271,775.3457853174198,100.0,4.330657949809621,0.1,0.013062715530395508,0.3186631202697754,0.04859696,0.018022053,782.2675527962111,-0.006477433656626948,7.815189233010041,100.0,9600,1.4543366432189941,1.0903563258041163e-05,1.3648658748183408e-05,783.3945979449777,100.0
849,1.6038777828216553,782.7722259040296,1.4097587251640085,783.4085121042542,779.3328963957266,100.0,4.266762517697448,0.1,0.012846946716308594,0.30037426948547363,0.049436912,0.023795903,782.318020106993,-0.006467545568132733,7.821032454431868,100.0,9600,1.6522679328918457,7.2276297642026704e-06,7.332270497883949e-06,783.4190253320886,100.0
850,1.645674467086792,782.3914936575922,2.2959423812967112,783.4025881754434,771.2999942301548,100.0,4.665585501463832,0.1,0.01295781135559082,0.29437756538391113,0.04870649,0.015911387,782.3253674620529,-0.006526513888713573,7.817223486111286,100.0,9600,1.7170252799987793,1.2867661451485563e-05,1.2934541404691675e-05,783.3594038496262,100.0
851,1.6056478023529053,782.3949150221484,2.223749486015362,783.407183280949,771.3239890885787,100.0,4.470173915377921,0.1,0.02707386016845703,0.2986717224121094,0.04948892,0.018783329,782.3323222180625,-0.006491557510456964,7.8172584424895435,100.0,9600,1.6921513080596924,1.3163357903384907e-05,1.1641548044226661e-05,783.4098629577999,100.0
852,1.6602723598480225,782.7238381226161,1.669245382917955,783.4103403927573,775.318737635113,100.0,4.427666050845156,0.1,0.011881589889526367,0.3205549716949463,0.04690643,0.01935745,782.3714738085179,-0.0065341620416126045,7.820549171291721,100.0,9600,1.7272639274597168,7.799190322556215e-06,7.612895058083248e-06,783.3677360262548,100.0
853,1.7158808708190918,782.4773144995983,2.6684538829834796,783.4041593043567,767.3139304258875,100.0,4.343415111308922,0.1,0.012851715087890625,0.29697418212890625,0.04803288,0.018446937,782.3820578776259,-0.006498778132337321,7.818084555200994,100.0,9600,1.507117748260498,1.5141540731878388e-05,1.5643543520893693e-05,783.3850183279861,100.0
854,1.5775856971740723,782.4755881120185,1.7552882836371049,783.3979038024237,775.3358903514466,100.0,4.02514492271774,0.1,0.013075590133666992,0.30474233627319336,0.048877858,0.021746876,782.3914109010652,-0.006518501994024648,7.818064831339309,100.0,9600,1.5530354976654053,9.483627133014573e-06,1.0611004951008452e-05,783.3934568432499,100.0
855,1.5554120540618896,782.3516787783259,2.243756109284422,783.4155596041347,775.28848398967,100.0,3.9564037281873468,0.1,0.013570785522460938,0.30417609214782715,0.05026424,0.022041801,782.3874376887914,-0.0065073245489361,7.816826008784396,100.0,9600,1.798462152481079,1.4660861585826811e-05,1.4634638577984464e-05,783.3823735438427,100.0
856,1.5918419361114502,782.8097058473794,1.4884070711657231,783.4150665557981,775.387145115906,100.0,5.341122881907253,0.1,0.013537883758544922,0.3050200939178467,0.04892591,0.013714986,782.4296645046502,-0.006509584382058438,7.821407082284608,100.0,9600,1.7275738716125488,7.0193245260499894e-06,6.16215498458827e-06,783.3448900039004,100.0
857,1.5568788051605225,782.3954209736585,2.061921905608066,783.4009677707343,775.3513470303067,100.0,4.397527509227795,0.1,0.012957096099853516,0.3263885974884033,0.04579657,0.017829422,782.426240151551,-0.006484846955372169,7.817681819711294,100.0,9600,1.5240654945373535,1.2328910998517767e-05,1.1646015364451773e-05,783.3835999180703,100.0
858,1.5547904968261719,782.6391984267257,1.91757855743674,783.3979653887419,771.3158656656037,100.0,5.650413594816709,0.1,0.012833833694458008,0.29221320152282715,0.048954193,0.014358027,782.4475359790686,-0.006547861084647104,7.819702138915353,100.0,9600,1.5863871574401855,8.720141657864378e-06,9.540250273092503e-06,783.3694902721494,100.0
859,1.5995738506317139,782.678850950987,1.7061443828154854,783.3884211637398,775.3147847588125,100.0,4.732409604015169,0.1,0.012834548950195312,0.29466819763183594,0.049719676,0.017428735,782.4706674762604,-0.006568804545522037,7.820097862121145,100.0,9600,1.8536906242370605,7.2179338780887015e-06,6.414192298473057e-06,783.3939968470319,100.0
860,1.5649523735046387,782.093883579561,2.2649818097131402,783.4022690037169,771.336393638581,100.0,4.930033646879575,0.1,0.012559890747070312,0.22616291046142578,0.040641364,0.013500987,782.4329890865904,-0.006585092016001645,7.814248241317332,100.0,9600,1.5722856521606445,1.8708137874329745e-05,1.7103238469218194e-05,783.3397124678248,100.0
861,1.7661919593811035,782.2139840926053,2.0641792895023747,783.4028380068157,775.3105794093508,100.0,4.490174894574349,0.1,0.011739015579223633,0.3074302673339844,0.048612524,0.021957124,782.4110885871919,-0.00663386421146507,7.815449469121869,100.0,9600,1.3431274890899658,1.0988896577552766e-05,1.1008657433643104e-05,779.3320318229742,100.0
862,1.5911035537719727,782.3048939821898,2.0260094683256664,783.3915686618088,775.2964056950449,100.0,4.534003775072769,0.1,0.012735605239868164,0.3260233402252197,0.048440363,0.021849627,782.4004691266917,-0.006557243795690955,7.816359422870977,100.0,9600,1.6753227710723877,1.024918255677142e-05,9.859741549674611e-06,783.3768484227019,100.0
863,1.5674033164978027,782.6845171760524,1.8904471339949176,783.4045760954659,771.3303197531425,100.0,5.3689748870315865,0.1,0.018615245819091797,0.30271458625793457,0.050431397,0.015768155,782.4288739316278,-0.006511711128525965,7.820154955538141,100.0,9600,1.5847218036651611,1.1643813753961237e-05,1.184969094546863e-05,783.3723719801407,100.0
864,1.5700418949127197,782.8490487614687,1.4500924748117179,783.4157866825418,775.3356847786802,100.0,5.117951854630277,0.1,0.012891769409179688,0.32450151443481445,0.049654733,0.017605761,782.470891414612,-0.0065319963563958945,7.821801336976937,100.0,9600,1.532463788986206,5.019444233013569e-06,5.454545733869509e-06,783.350078488748,100.0
865,1.55694580078125,782.6842605510268,1.4920738722966327,783.4254119937049,779.2914621221305,100.0,4.34566769166685,0.1,0.011656522750854492,0.273395299911499,0.049495224,0.020183884,782.4922283282535,-0.0065138335504417106,7.820152833116225,100.0,9600,1.3940081596374512,7.934064171883169e-06,7.178884634004459e-06,783.3883014851889,100.0
866,1.561340093612671,782.4764542492507,2.184041891595978,783.4150326452119,771.347471805748,100.0,5.045371763238101,0.1,0.01278376579284668,0.26839542388916016,0.049473763,0.016419558,782.4906509203532,-0.006508620479051833,7.818074712854281,100.0,9600,1.8263936042785645,1.3273005967965071e-05,1.376637693796281e-05,783.3873170504646,100.0
867,1.5615408420562744,782.0616782643629,2.804787054185542,783.4155754748228,767.3257068521,100.0,3.4850754430678443,0.1,0.012879371643066406,0.28185105323791504,0.047985315,0.019863417,782.4477536547543,-0.0064899965134414365,7.813926670153225,100.0,9600,1.5620806217193604,1.5978767816192115e-05,1.961867982218765e-05,783.410600811992,100.0
868,1.5837881565093994,782.0610073773555,2.27888339775256,783.4127378792888,775.3166880728836,100.0,3.5878059952888672,0.1,0.011908292770385742,0.2866823673248291,0.049705897,0.025117496,782.4090790270144,-0.006495702117000926,7.813920964549666,100.0,9600,1.5534217357635498,1.712844847269718e-05,1.3168271921195738e-05,783.3775219076293,100.0
869,1.7337212562561035,782.3082638221937,2.2657949764828484,783.4085373374287,771.2997633047198,100.0,3.488047704229215,0.1,0.011676549911499023,0.2847118377685547,0.04848708,0.022021335,782.3989975065323,-0.006524034660352576,7.8163926320063135,100.0,9600,1.3314440250396729,1.0481675848404636e-05,1.028541247891502e-05,783.4025095316,100.0
870,1.5880959033966064,782.437211921724,2.2766850962781393,783.4085101749442,771.3435100118005,100.0,4.504172227753496,0.1,0.013132572174072266,0.30591607093811035,0.04724483,0.020313453,782.4028189480515,-0.006484646332295164,7.817682020334371,100.0,9600,1.3935546875,1.240484124835714e-05,1.4619295229082031e-05,783.3318943594234,100.0
871,1.5966897010803223,782.4799550006486,1.848434402030235,783.3975900842224,775.3192068073079,100.0,4.190835439732002,0.1,0.012857675552368164,0.2383131980895996,0.04860743,0.020963697,782.4105325533112,-0.006473377774274186,7.818109955559059,100.0,9600,1.4988620281219482,1.1320254965142676e-05,9.764228175957953e-06,783.3975814721279,100.0
872,1.5716886520385742,782.8183368099012,1.49087455265465,783.4150194282465,775.3136600134944,100.0,5.072418775935527,0.1,0.010093212127685547,0.29558849334716797,0.04858061,0.016872734,782.4513129789702,-0.006422666302038019,7.821494000364628,100.0,9600,1.3323287963867188,8.429436591346334e-06,8.231400601251054e-06,783.4271747578109,100.0
873,1.589430809020996,782.3559033841226,2.240133481584226,783.4284259778996,771.2976165922585,100.0,4.758490241699456,0.1,0.012176752090454102,0.2948002815246582,0.049057756,0.017378122,782.4417720194855,-0.00646451477974659,7.816868818553587,100.0,9600,1.2835643291473389,1.2614915421210099e-05,1.2671847601835323e-05,783.3793113542221,100.0
874,1.5502371788024902,781.9338836462626,2.3874964710224096,783.4013676097022,771.3195379498217,100.0,3.633303092294659,0.1,0.012840509414672852,0.2535891532897949,0.048876483,0.01521802,782.3909831821632,-0.006516326092097842,7.81265034057457,100.0,9600,1.8866260051727295,1.294464891833712e-05,1.4821968617496364e-05,783.4016173871289,100.0
875,1.5516133308410645,782.52438057296,1.9962413675095754,783.4121314709009,771.3298674134558,100.0,4.161986927827715,0.1,0.013283491134643555,0.28606510162353516,0.047748793,0.019953554,782.4043229212429,-0.006446457904773065,7.818553542095227,100.0,9600,1.4743931293487549,1.5342941702920768e-05,1.0825617611867951e-05,783.3857992362194,100.0
876,1.9692866802215576,782.3600131929658,1.828679615738327,783.4172903487148,775.333791027701,100.0,4.899737552499213,0.1,0.011864185333251953,0.3095567226409912,0.04757438,0.018166352,782.3998919484152,-0.0064233094508327,7.8169100238825,100.0,9600,1.529409646987915,9.035415955297852e-06,9.486052140358515e-06,783.4206560343159,100.0
877,1.5567553043365479,782.4407637482615,2.0478620404305095,783.4034603102824,771.2917130760178,100.0,4.02895786052053,0.1,0.014775514602661133,0.33400583267211914,0.048030388,0.02058101,782.4039791283998,-0.006448729904467088,7.817717936762199,100.0,9600,1.6958386898040771,9.064241242985164e-06,9.642293305544325e-06,783.4179975814613,100.0
878,1.6194696426391602,782.6545462133627,1.7358561130524055,783.4188583406349,775.3303046287166,100.0,5.3005696787202705,0.1,0.011863231658935547,0.3142244815826416,0.049255934,0.014687219,782.4290358368961,-0.0063948324028460434,7.819855167597154,100.0,9600,1.6851227283477783,9.823153011124447e-06,1.0485822479969153e-05,783.3864514610704,100.0
879,1.5519773960113525,782.5307219103748,1.9170504236760475,783.4145238912741,775.3070467085421,100.0,4.797286419580319,0.1,0.011759519577026367,0.3025846481323242,0.048475027,0.013603742,782.4392044442441,-0.0063815620571909745,7.81861843794281,100.0,9600,1.4736707210540771,1.174695917474277e-05,1.1953232276035683e-05,783.3921055444852,100.0
880,1.5565922260284424,782.1917653550607,2.516588993350133,783.4167576763117,767.3315701595815,100.0,3.4407124135653784,0.1,0.01184535026550293,0.2810087203979492,0.048655048,0.025583757,782.4144605353258,-0.006438373634284719,7.815228293032381,100.0,9600,1.455171823501587,1.2880348294439556e-05,1.4899782520279991e-05,783.3831469080736,100.0
881,1.5787451267242432,782.3613519504655,2.081900232060236,783.4341466180819,771.3734557229636,100.0,4.019238335483776,0.1,0.012117147445678711,0.2668476104736328,0.04447858,0.017686103,782.4091496768399,-0.0064093627875750495,7.8169239705457585,100.0,9600,1.6676785945892334,1.4150877678622371e-05,1.1460028426807946e-05,783.413761617438,100.0
882,1.6020886898040771,782.4438208335664,2.0503073017415017,783.4163730933659,771.271238646404,100.0,5.274857662087863,0.1,0.011901378631591797,0.2038278579711914,0.046672113,0.014408609,782.4126167925126,-0.006418526899306355,7.81774813976736,100.0,9600,1.135068655014038,1.0346315630117226e-05,9.842945068805222e-06,783.438693716098,100.0
883,1.981888771057129,782.6949164431459,1.9784583372365026,783.4075846820101,771.3580638197994,100.0,3.756582905687856,0.1,0.006173372268676758,0.14867854118347168,0.047491215,0.018562,782.440846757576,-0.006407852865349129,7.820258813801318,100.0,9600,1.3959131240844727,7.478026194666267e-06,8.262048127414172e-06,783.3809855369328,100.0
884,1.7613654136657715,782.3632866790373,2.388465744331896,783.4289629083244,771.3249063749553,100.0,3.8787946452040734,0.1,0.0071468353271484375,0.2657649517059326,0.046966378,0.018793646,782.4330907497222,-0.006391215894458731,7.816942117438875,100.0,9600,1.5064513683319092,1.6173256873019006e-05,1.715690993771771e-05,783.3630213021743,100.0
885,1.560453176498413,782.1488917603225,2.322343113364348,783.3975539848701,775.3231277959143,100.0,4.3090089304094334,0.1,0.013023138046264648,0.3100745677947998,0.049260087,0.020589154,782.4046708507822,-0.006450249733631679,7.814799750266367,100.0,9600,1.549717903137207,1.756413829283464e-05,1.5563125420835582e-05,783.4054182813105,100.0
886,1.5689139366149902,781.9769386660388,2.578598686814916,783.4030697081461,767.3164147616856,100.0,4.538959785820838,0.1,0.013012886047363281,0.3160676956176758,0.04997141,0.021235935,782.3618976323079,-0.006504854707278744,7.813078478626054,100.0,9600,1.2348401546478271,2.2805467742210797e-05,2.034936885158012e-05,783.4053805471983,100.0
887,1.5869719982147217,782.2753504998295,2.4197775672365567,783.4099834536754,771.3287813618707,100.0,4.165634910376196,0.1,0.012597084045410156,0.3235030174255371,0.048508897,0.018844308,782.3532429190601,-0.006436540446477367,7.816063459553523,100.0,9600,1.36700439453125,1.3846830977394758e-05,1.1299917042691453e-05,783.3724160770881,100.0
888,1.6025869846343994,782.4447359226983,1.9600565730398696,783.4223702032239,775.3321355430264,100.0,4.856758607097806,0.1,0.011834383010864258,0.33196187019348145,0.049444057,0.01724658,782.362392219424,-0.006408795812684157,7.817757870853982,100.0,9600,1.9216976165771484,8.996783189366953e-06,1.0519325343849916e-05,783.3966394965724,100.0
889,1.582019567489624,782.3982231286833,2.1496773500677264,783.4202472342531,775.2844537983902,100.0,2.9117332780144576,0.1,0.01295781135559082,0.3069145679473877,0.04759081,0.022733396,782.36597531035,-0.00645869140965193,7.817291308590348,100.0,9600,1.3928637504577637,1.476705983487812e-05,1.8296623184219674e-05,783.408741688271,100.0
890,1.5892314910888672,782.4026737424534,1.9853270950005137,783.4253329358947,775.3464360625275,100.0,4.437020268689879,0.1,0.0059087276458740234,0.12915444374084473,0.05023901,0.019853448,782.3696451535604,-0.006413829858181536,7.817336170141819,100.0,9600,1.108368158340454,1.5230421705999852e-05,1.053402255038383e-05,783.3905859409828,100.0
891,1.7080779075622559,782.4007997066122,2.2251185220725938,783.411012236769,771.329097126962,100.0,3.8353903059926937,0.1,0.012873649597167969,0.3057668209075928,0.04912775,0.015062264,782.3727606088656,-0.006430202061014976,7.8173197979389855,100.0,9600,1.2543809413909912,1.1808817831928262e-05,1.2813421792504116e-05,783.3930087612276,100.0
892,1.7031660079956055,782.5707068013804,1.97289470683592,783.4059736812007,771.3033400057454,100.0,4.611261462156869,0.1,0.022731542587280273,0.287569522857666,0.047681574,0.017880855,782.3925552281171,-0.006399145486098352,7.8190175211805695,100.0,9600,1.5484733581542969,1.2593742642059874e-05,1.2589757594457177e-05,783.3960046456974,100.0
893,1.5668830871582031,782.6946969652736,2.218160049251911,783.4176234624204,767.3289247571533,100.0,4.6695095427208955,0.1,0.016551733016967773,0.29106807708740234,0.048927248,0.015152278,782.4227694018327,-0.006409645958080683,7.820257020708586,100.0,9600,2.011657476425171,1.3721691015344359e-05,1.1255048787427945e-05,783.4095207878826,100.0
894,1.5593211650848389,782.5649460282717,1.7981576691964785,783.4144456024716,775.3153314557746,100.0,4.792680711960143,0.1,0.012998580932617188,0.31009554862976074,0.048192196,0.01733054,782.4369870644766,-0.00645692342451626,7.818959743242151,100.0,9600,1.5104050636291504,9.598526445910045e-06,9.760166651950218e-06,783.3985237332392,100.0
895,1.5722377300262451,782.3967073418299,2.2956283013284406,783.4083023407851,767.3483691840532,100.0,4.321384073698706,0.1,0.012976646423339844,0.2932453155517578,0.04691076,0.018921474,782.4329590922121,-0.006472236567470889,7.817277763432529,100.0,9600,1.2511930465698242,1.2934138820246228e-05,1.2569044651851448e-05,783.393225427479,100.0
896,1.5661041736602783,781.9826163857775,2.5788610644090326,783.4087735127822,771.3105458565002,100.0,4.4682272836569625,0.1,0.011796236038208008,0.329988956451416,0.048646003,0.019344617,782.3879248215686,-0.0064461260615435905,7.8135538739384565,100.0,9600,1.5207953453063965,1.4848382489436861e-05,1.5058305078982104e-05,783.3737794421475,100.0
897,1.5636911392211914,782.4872250921144,2.0213822716936147,783.4103404379634,775.3093799778324,100.0,4.105898808415747,0.1,0.012573003768920898,0.32253241539001465,0.0501213,0.023784991,782.3978548486232,-0.006400547719640771,7.818182785613693,100.0,9600,1.9319250583648682,1.0266553986545918e-05,1.0323494968614316e-05,783.4000803447706,100.0
898,1.56390380859375,782.2367061133364,2.145556730936711,783.4302652234113,775.3185469233753,100.0,3.6897833789256556,0.1,0.012257575988769531,0.333432674407959,0.049075272,0.023165302,782.3817399750945,-0.0064059858772332195,7.815677347456101,100.0,9600,1.7874743938446045,9.862785786409793e-06,1.36758764126313e-05,783.4161873201226,100.0
899,1.624121904373169,782.360489738931,1.8295751171805208,783.4170159991553,775.3409032722043,100.0,4.137385115356752,0.1,0.01212453842163086,0.3322165012359619,0.04900499,0.02109889,782.3796149514783,-0.0064178667118280725,7.816915466621505,100.0,9600,1.6106493473052979,1.2251015944822782e-05,8.818915129224975e-06,783.3815317857192,100.0
900,1.5991218090057373,782.1121393684425,2.1905251316434495,783.4129708857905,775.3327842317827,100.0,4.082949675752837,0.1,0.011915206909179688,0.26222801208496094,0.047522876,0.019666333,782.3528673931747,-0.006402222610610683,7.8144311107227225,100.0,9600,2.0676472187042236,1.509298473847655e-05,1.3672545775327957e-05,783.4003561319438,100.0
901,1.5892608165740967,781.7358583230507,2.813087457961708,783.4113229046719,771.3287210461447,100.0,4.235821852694489,0.1,0.011827468872070312,0.2555670738220215,0.050602496,0.022642136,782.2911664861624,-0.006415178254228473,7.810668155079104,100.0,9600,1.4004316329956055,1.7347431018420108e-05,1.7552751200034117e-05,783.401964687187,100.0
902,1.5592565536499023,782.1071320032033,2.190354718506494,783.4125014909501,771.3585359072085,100.0,5.180034636076284,0.1,0.01297450065612793,0.279599666595459,0.04730011,0.016376112,782.2727630378665,-0.006451239952491516,7.814382093380842,100.0,9600,1.4140141010284424,1.8646817703720247e-05,2.499643658361819e-05,783.3670409415064,100.0
903,1.5726885795593262,782.7367264989216,1.6697209243903781,783.415026706198,775.3548294116481,100.0,4.880783394954851,0.1,0.01291656494140625,0.30447959899902344,0.0498456,0.018985847,782.3191593839721,-0.006406900953392883,7.8206764323799405,100.0,9600,1.426347017288208,2.1855792461543577e-05,7.873212297784228e-06,783.412955408662,100.0
904,1.5921521186828613,782.5305983291622,1.9170962329428156,783.4158050734578,775.2965077447337,100.0,3.5147247956822,0.1,0.014434337615966797,0.26805901527404785,0.0403642,0.016472038,782.3403032784911,-0.006385072936923608,7.818614927063076,100.0,9600,1.5694901943206787,1.0960148543708828e-05,1.2543792564045103e-05,783.3962568294022,100.0
905,1.5908887386322021,782.2319381763791,2.498157071225259,783.4100727347083,771.3231066645836,100.0,4.378456947691434,0.1,0.01201176643371582,0.23708748817443848,0.049518414,0.021679744,782.32946676828,-0.006452685845911442,7.815630647487423,100.0,9600,1.7601280212402344,1.742286455661851e-05,1.5835501237879795e-05,783.3924957632764,100.0
906,1.6332383155822754,782.4454943583138,2.5614802326562383,783.4226466375053,763.2532266007705,100.0,3.6458813130178207,0.1,0.008088827133178711,0.2805922031402588,0.04800284,0.01751679,782.3410695272834,-0.006402302433065807,7.8177643642336,100.0,9600,1.2996585369110107,2.2736206438387893e-05,2.4550654014021837e-05,783.3743423330924,100.0
907,1.5683891773223877,782.3567913602692,2.16641355666442,783.4076026259634,771.3205000418984,100.0,4.427776401163306,0.1,0.012887001037597656,0.3123772144317627,0.049805947,0.02106756,782.342641710582,-0.006456114490263325,7.816877218843071,100.0,9600,1.3771817684173584,1.2336605434786918e-05,8.814471159904902e-06,783.3933976321035,100.0
908,1.5627334117889404,782.3942532794708,1.9841583858987621,783.411955283308,775.3252328526111,100.0,4.418209690785796,0.1,0.012824296951293945,0.31609368324279785,0.04912211,0.01625899,782.3478028674709,-0.0064968117676547504,7.817253188232345,100.0,9600,1.6031279563903809,9.154496729687289e-06,9.030873433066207e-06,783.383075893152,100.0
909,1.5417940616607666,782.2369363414824,2.1463270697233194,783.4196958370738,775.3269963300518,100.0,4.304255981190227,0.1,0.012839317321777344,0.327254056930542,0.046891835,0.01815728,782.3367162148721,-0.006404385464439682,7.815678947868894,100.0,9600,1.758953332901001,1.3330506663740896e-05,1.3579500525168533e-05,783.3851814018587,100.0
910,1.5924925804138184,782.3162385623515,2.184729994953378,783.4010289496159,771.3460207593049,100.0,4.226282009695351,0.1,0.008419275283813477,0.30818843841552734,0.047127858,0.01888553,782.33466844962,-0.006443915168682719,7.816472751497984,100.0,9600,1.9390122890472412,1.3659423961784578e-05,1.366553311957898e-05,783.3986271184435,100.0
911,1.567899227142334,782.1905986635707,2.5808980051569814,783.4065992261981,771.3514076640643,100.0,3.822714489193061,0.1,0.015065431594848633,0.27757930755615234,0.049449664,0.022434983,782.3202614710151,-0.006449675871541348,7.815633657461792,100.0,9600,1.3206286430358887,1.4269959825664478e-05,1.3962195320061355e-05,783.4182148908304,100.0
912,1.6593141555786133,782.5191417382754,1.6315285872423366,783.4032604061782,779.2962671344496,100.0,4.793200348887532,0.1,0.012533903121948242,0.30457401275634766,0.044550274,0.015210097,782.3401494977412,-0.006498136978125933,7.818501863021873,100.0,9600,1.1199707984924316,8.28469424472336e-06,8.328890099437042e-06,783.4078594202097,100.0
913,1.610295295715332,782.3558688284693,1.8344166050371438,783.4082446020876,775.3483762545418,100.0,3.7007503150251333,0.1,0.007853984832763672,0.2830049991607666,0.044912197,0.01785659,782.3417214308141,-0.006464656393919847,7.816868676939413,100.0,9600,1.4476017951965332,9.177748693561595e-06,8.232903171333166e-06,783.3790332737118,100.0
914,1.7164649963378906,782.2756427619564,2.1242871421637983,783.429102357967,775.3099124396955,100.0,5.429939301463678,0.1,0.013237476348876953,0.19278335571289062,0.049447607,0.017200815,782.3351135639283,-0.006434261188997036,7.816065738811003,100.0,9600,1.2103455066680908,1.0214788995641501e-05,1.047906801127695e-05,783.3649866021756,100.0
915,1.6851496696472168,782.4421985194525,1.6866477671490228,783.4201532360058,779.2924907213393,100.0,4.509739976010308,0.1,0.012917757034301758,0.2934913635253906,0.049180735,0.017545043,782.3458220594807,-0.006433339276737137,7.817733327389928,100.0,9600,1.5737950801849365,8.474530049325206e-06,1.0122351815064663e-05,783.3801530285324,100.0
916,1.605349063873291,782.6480175043234,1.7378893472258006,783.4357509774787,775.3147475392831,100.0,4.568868270562985,0.1,0.012912988662719727,0.2833859920501709,0.0488595,0.017525736,782.376041603965,-0.006460442856875771,7.819789557143125,100.0,9600,1.3445405960083008,9.49835961666082e-06,8.607139998646093e-06,783.4153486186027,100.0
917,1.6004219055175781,782.5234995376574,1.9134559831791964,783.40533724863,775.3294520780144,100.0,4.489140321228952,0.1,0.007162809371948242,0.27773046493530273,0.04874581,0.018498158,782.3907873973342,-0.006455539147527337,7.818544460852472,100.0,9600,1.672069787979126,8.681323706023858e-06,7.95278538122284e-06,783.379057949523,100.0
918,1.5514121055603027,782.6470009806789,1.9195529499666146,783.422159000543,771.3178959771151,100.0,3.218560975369045,0.1,0.012886285781860352,0.3190453052520752,0.04882447,0.019479517,782.4164087556687,-0.006469647368387249,7.82019701929828,100.0,9600,1.4139058589935303,1.0010863287378985e-05,9.817652142337244e-06,783.3791647222338,100.0
919,1.5588219165802002,781.8481706493927,2.469667355380368,783.4039499303713,771.3502899172962,100.0,4.280285925339496,0.1,0.01631450653076172,0.32369208335876465,0.048340667,0.021678716,782.3595849450411,-0.006541569451785782,7.811791763881549,100.0,9600,1.9051315784454346,2.1988964651136955e-05,2.1249875275895984e-05,783.4195825744494,100.0
920,1.5536518096923828,782.6024519239021,1.769067418111476,783.3982335700152,775.3285576046287,100.0,4.116235857948108,0.1,0.013270854949951172,0.30834269523620605,0.05133635,0.015940437,782.3838716429273,-0.006498875571361131,7.819334457761973,100.0,9600,1.5096642971038818,1.0921891095483591e-05,9.540763945059444e-06,783.3895685873696,100.0
921,1.6370441913604736,782.2262173897399,2.2154660659286365,783.4259080177291,775.3258621598424,100.0,5.716277633881801,0.1,0.011794805526733398,0.3453676700592041,0.048397977,0.017492201,782.3681062176086,-0.006512197352919924,7.815571135980413,100.0,9600,1.5419316291809082,1.4753378430769801e-05,1.3551109656358292e-05,783.3937532382573,100.0
922,1.694739818572998,782.1048948441025,2.4750188232479142,783.4087204814728,771.3268741963667,100.0,4.867839233586791,0.1,0.011630058288574219,0.15035343170166016,0.04706434,0.018525543,782.341785080258,-0.006474937935437737,7.814358395397896,100.0,9600,1.5305588245391846,1.8029115993295596e-05,2.01278696667392e-05,783.3858638337621,100.0
923,1.5816023349761963,782.2329509514444,2.5024705389716866,783.4166008206612,771.3584154466472,100.0,4.99072677812287,0.1,0.0129241943359375,0.27771639823913574,0.048809372,0.013896506,782.3309016673766,-0.006443887515072397,7.8156394458182605,100.0,9600,1.791106939315796,1.7318044479942884e-05,1.6590962835443836e-05,783.4100273400578,100.0
924,1.5681769847869873,782.5629690494594,2.0597701842473244,783.4125558460843,771.3476652393432,100.0,4.645900599496853,0.1,0.008365869522094727,0.28133368492126465,0.048367906,0.020315528,782.3541084055848,-0.006476001385927057,7.818940665280739,100.0,9600,1.4912188053131104,1.3068362882952202e-05,1.1085677076916382e-05,783.3880980483075,100.0
925,1.5905399322509766,782.4004973588316,2.146977320824659,783.410603404486,775.3203935253539,100.0,4.347168810075106,0.1,0.014227151870727539,0.26815319061279297,0.049975514,0.020522231,782.3587473009096,-0.006436768056251488,7.817313231943749,100.0,9600,1.2302188873291016,1.2345406705174726e-05,1.2502458544229644e-05,783.3796657536556,100.0
926,1.5528407096862793,782.1876798974787,2.2347080805057393,783.4041549475364,771.3227785410983,100.0,4.705881588138431,0.1,0.012956857681274414,0.283236026763916,0.0462983,0.016566562,782.3416405605666,-0.006480504424552703,7.815186162242114,100.0,9600,1.6589391231536865,1.3584443459101946e-05,1.4434466690521646e-05,783.3995692832178,100.0
927,1.5640313625335693,782.3997006041415,1.8955703025873767,783.3960794008501,775.304493581744,100.0,4.292324139598182,0.1,0.007925987243652344,0.303117036819458,0.04820047,0.015817124,782.3474465649241,-0.00644328072094216,7.817306719279057,100.0,9600,1.2985570430755615,9.704089213107373e-06,1.3301123239221767e-05,783.3419346022464,100.0
928,1.625680923461914,781.9832731600831,2.2332759110747604,783.409789860134,775.3207471129214,100.0,4.829130109991636,0.1,0.013122797012329102,0.33466458320617676,0.048784632,0.01851948,782.3110292244401,-0.00644056184694113,7.81314277148639,100.0,9600,1.6948659420013428,1.752867544871405e-05,1.3006975869094086e-05,783.3628624027939,100.0
929,1.7538487911224365,782.14474299916,2.5973187458498432,783.411343773432,767.329206802775,100.0,5.274114233180188,0.1,0.008701801300048828,0.31473708152770996,0.048867587,0.016483737,782.2944006019121,-0.006492746798181316,7.814757253201819,100.0,9600,1.9063191413879395,1.7218948291484322e-05,1.892758766943117e-05,783.3486752066673,100.0
930,1.6195871829986572,782.3142618389758,2.3313968344000195,783.4157612757278,771.3283397849336,100.0,4.56806951608196,0.1,0.011791229248046875,0.29744505882263184,0.049528584,0.02141211,782.2963867256185,-0.0064638781602916915,7.816452788506375,100.0,9600,1.7642977237701416,1.521322416644931e-05,1.3504448835821718e-05,783.3661463425146,100.0
931,1.5523300170898438,782.1903945549224,3.218824198717665,783.4141303112766,759.2896262285296,100.0,3.812170061734266,0.1,0.011928319931030273,0.31412768363952637,0.047590073,0.016973497,782.285787508549,-0.0064532097516724375,7.815213456914994,100.0,9600,1.5267829895019531,1.8821614370803023e-05,1.8542734439952254e-05,783.3513455129018,100.0
932,1.5766875743865967,782.6085062175765,1.5706479416434715,783.4125582025883,779.3033977651559,100.0,5.339760228204957,0.1,0.011873245239257812,0.3122079372406006,0.048584934,0.01678638,782.3180593794517,-0.006439224926837533,7.819394108406495,100.0,9600,1.4519636631011963,8.011525025884518e-06,7.860825818306588e-06,783.3851444724539,100.0
933,1.5979762077331543,782.4007759089426,1.8084441644347793,783.4098945970727,775.3401176476968,100.0,4.478965559807549,0.1,0.013368368148803711,0.2953364849090576,0.049464233,0.018348929,782.3263310324007,-0.006431733808199448,7.8173182661918,100.0,9600,1.3740432262420654,9.781972209152009e-06,9.92637502962812e-06,779.3827863464711,100.0
934,1.572242021560669,782.5669721717028,1.6983606055497806,783.4076051348446,775.3284798331363,100.0,5.546451604124702,0.1,0.012939214706420898,0.304612398147583,0.048593383,0.01733133,782.350395146331,-0.006437674146652195,7.818978992520013,100.0,9600,1.7100396156311035,9.215270540859154e-06,9.425333956734639e-06,783.3872420626919,100.0
935,1.6072022914886475,782.1849248424274,2.1654421693589283,783.4015348621349,775.282048089171,100.0,4.6549890284640885,0.1,0.012959480285644531,0.27055931091308594,0.0504936,0.020169476,782.3338481159408,-0.006506565275610186,7.815160101391055,100.0,9600,1.5674207210540771,1.4871001821669913e-05,1.569745464364483e-05,783.3822321076742,100.0
936,1.5673460960388184,782.2674803407848,2.126139379029453,783.3994599901475,771.3096031865313,100.0,4.756645418055138,0.1,0.01257181167602539,0.34235453605651855,0.05008379,0.019777594,782.3272113384252,-0.006515145441306279,7.8159848545586925,100.0,9600,1.8186943531036377,1.5440745027762036e-05,1.4948754879548344e-05,783.374278267853,100.0
937,1.7173664569854736,782.5635914821847,2.287643297660161,783.4048604853324,771.2926600724627,100.0,4.787533476879318,0.1,0.012845277786254883,0.3193776607513428,0.048304435,0.016058458,782.3508493528012,-0.006471603695072545,7.8189450629715935,100.0,9600,1.4607138633728027,1.101778194386783e-05,1.0290587053575224e-05,783.3463091666744,100.0
938,1.6197125911712646,782.7334383522102,1.669360702896283,783.4078895671498,775.3090563626303,100.0,4.111975539890513,0.1,0.013146162033081055,0.26567816734313965,0.048125114,0.017828388,782.3891082527421,-0.006437638575715182,7.820645694757618,100.0,9600,1.8355045318603516,7.668486229492237e-06,7.570398872964089e-06,783.3847314607922,100.0
939,1.5673468112945557,782.1429491622758,2.4662366641284215,783.4044207901737,771.3602724677313,100.0,4.1328642449962,0.1,0.01291203498840332,0.2947664260864258,0.050328914,0.021952556,782.3644923436955,-0.006510068711346728,7.81515659795532,100.0,9600,1.9140996932983398,1.3687068323858462e-05,1.3521430186842479e-05,783.3842572127576,100.0
940,1.5855917930603027,782.6873233832204,1.8015491442383469,783.4136268618163,775.2975622802488,100.0,5.020747498844753,0.1,0.013992786407470703,0.245988130569458,0.049253583,0.016706139,782.396775447648,-0.0064831744230029005,7.820183492243665,100.0,9600,1.8547284603118896,9.34675689051808e-06,8.459543118223396e-06,783.3811084479833,100.0
941,1.5539298057556152,782.4369507462173,2.1291526319694656,783.4065990162716,775.2970267554791,100.0,4.502471343554801,0.1,0.012961149215698242,0.2904350757598877,0.049126696,0.02162429,782.400792977505,-0.006487889904843685,7.817678776761824,100.0,9600,1.7951388359069824,1.3151994024297712e-05,1.2754656364328062e-05,783.386950971818,100.0
942,1.5625150203704834,782.4411417479333,1.9655508895054692,783.4093481771523,775.3076723590966,100.0,4.587988223502309,0.1,0.012919902801513672,0.30959224700927734,0.048959497,0.0173086,782.4048278545479,-0.00644403707078504,7.817722629595882,100.0,9600,1.5438685417175293,8.894801883625698e-06,1.0758663348014726e-05,783.3946369084656,100.0
943,1.5587737560272217,782.355269159646,1.9220049553870047,783.4090000137037,775.3101132139382,100.0,4.255176608492977,0.1,0.014583349227905273,0.33252906799316406,0.047883887,0.019056048,782.3998719850576,-0.006470537642152861,7.81686279569118,100.0,9600,1.6482419967651367,1.1296571455929977e-05,1.0279804200655192e-05,783.3648327035172,100.0
944,1.6103124618530273,782.3561973687987,2.0047895579168373,783.4115735776692,775.3087296315871,100.0,4.350604746812025,0.1,0.01189279556274414,0.25722575187683105,0.048023216,0.015983237,782.3955045234318,-0.006461463817668014,7.816871869515666,100.0,9600,1.4931721687316895,8.03729916085099e-06,8.969429892646819e-06,783.3819183720077,100.0
945,1.6291162967681885,782.3129788752934,2.263902064367902,783.4116136942371,771.3519535293199,100.0,4.146077046356455,0.1,0.013432741165161133,0.29739809036254883,0.047595948,0.044774402,782.387251958618,-0.006475351483102534,7.816441315183565,100.0,9600,1.4647040367126465,1.3445571881014311e-05,1.187861998311904e-05,783.389975197056,100.0
946,1.586238145828247,782.1472101377949,2.1782420284043584,783.439171764007,775.3218835519497,100.0,4.254982344807477,0.1,0.013267993927001953,0.3279697895050049,0.049603842,0.018659234,782.3632477765357,-0.006467181925637428,7.814782818074363,100.0,9600,1.7259480953216553,1.3436134604376183e-05,1.3746191462843201e-05,783.3667269203371,100.0
947,1.5344278812408447,782.065376703357,2.355572620310983,783.4052192562407,771.2999584965695,100.0,3.622843873816385,0.1,0.012046337127685547,0.30669665336608887,0.04906018,0.024083707,782.3334606692179,-0.006452958792717632,7.81396370787395,100.0,9600,1.255640983581543,1.6605089514950432e-05,1.5777234827346067e-05,783.3863905166443,100.0
948,1.5804779529571533,782.5643808817108,1.802394973885478,783.4097755528163,775.2898778837861,100.0,3.781933284542909,0.1,0.012991189956665039,0.31807637214660645,0.047052458,0.018566249,782.3565526904672,-0.006462759468264574,7.818953907198402,100.0,9600,1.5212182998657227,9.493564052771426e-06,9.2906860915124e-06,783.3999595887982,100.0
949,1.584059715270996,782.2688298228965,2.6219499590558195,783.4019184409161,771.2992390370015,100.0,4.878764859873122,0.1,0.011949300765991211,0.28971147537231445,0.047863763,0.01647693,782.3477804037102,-0.00650285612328346,7.815997143876717,100.0,9600,1.619861125946045,1.8315241465588718e-05,1.772715324666073e-05,783.386290097721,100.0
950,1.6225566864013672,782.5269135620674,2.2349345267695266,783.4052218140906,767.3362748648716,100.0,4.528916666937313,0.1,0.01292729377746582,0.2558870315551758,0.047922283,0.019509105,782.365693719546,-0.00642116445724453,7.8185788355427555,100.0,9600,1.7027840614318848,1.240298532197451e-05,1.2585480803904849e-05,783.4058581680881,100.0
951,1.6068949699401855,782.356460495114,1.9156656647275996,783.4033240692607,775.3405604895572,100.0,5.1507622236356765,0.1,0.01380777359008789,0.2996494770050049,0.04999182,0.01917291,782.3647703971028,-0.006459261941433449,7.8168740713919,100.0,9600,1.6273930072784424,1.0632290221844025e-05,1.0549549894475158e-05,783.4003718864348,100.0
952,1.6839120388031006,781.9784322650194,2.888442387347102,783.4024815610794,767.2911507518127,100.0,3.8583934357950986,0.1,0.011707305908203125,0.33600592613220215,0.048944816,0.017605625,782.3261365838945,-0.00648858207587873,7.813094751257455,100.0,9600,1.6757774353027344,2.0520496473048077e-05,2.0365061027638383e-05,783.3861821386263,100.0
953,1.595576286315918,782.2696578276444,2.1238843093526745,783.4234991086296,775.3200449417859,100.0,4.117798385712254,0.1,0.00801706314086914,0.2989497184753418,0.048100736,0.018921604,782.3204887082694,-0.006493390831986519,7.816006609168014,100.0,9600,1.3829784393310547,1.2181864284461213e-05,1.2086313631539326e-05,783.392481735114,100.0
954,1.545339822769165,782.3941511322755,2.366602691763671,783.4068283101009,771.3351984020475,100.0,4.047327896366851,0.1,0.01303243637084961,0.27916669845581055,0.046686407,0.017917778,782.32785495067,-0.006498934029419083,7.817251065970581,100.0,9600,1.508220911026001,1.6276056505214564e-05,1.813855056841407e-05,783.4171218291671,100.0
955,1.5906057357788086,782.6431297181825,1.9211138942439008,783.4075329457899,775.3061939977895,100.0,4.443039612017821,0.1,0.012795686721801758,0.30258822441101074,0.044334,0.016921546,782.3593824274213,-0.006508666857075024,7.819741333142924,100.0,9600,1.5251142978668213,1.2321952049266418e-05,9.35623191526931e-06,783.3635497511076,100.0
956,1.5729129314422607,782.3940820593343,2.0669050926704373,783.4114996786383,775.2998463436704,100.0,4.294253987379142,0.1,0.012906551361083984,0.3045237064361572,0.046681773,0.017916227,782.3628523906127,-0.006500079867975458,7.817249920132024,100.0,9600,1.3784477710723877,1.1218822872101604e-05,1.1330508417738338e-05,783.3845361563076,100.0
957,1.581883192062378,782.352847552956,2.1676260314984312,783.4014001362874,771.3348409488889,100.0,5.399395680578411,0.1,0.013044357299804688,0.29083800315856934,0.04712586,0.013439844,782.361851906847,-0.006494427888811265,7.816838905444521,100.0,9600,1.7410807609558105,1.3432749999013711e-05,1.4445360845107328e-05,783.4194198282793,100.0
958,1.558215618133545,782.8516370520861,1.324856219865983,783.4037054368637,779.2949292225559,100.0,4.660142027387721,0.1,0.011684656143188477,0.3105034828186035,0.048000753,0.021366684,782.410830421371,-0.006506597038210492,7.821826736295122,100.0,9600,1.729109287261963,4.621278429739038e-06,4.298095510988377e-06,783.396093636045,100.0
959,1.707979440689087,782.8113153545228,1.488212876056242,783.4023059970004,775.3509767812707,100.0,5.0425121478480674,0.1,0.012925863265991211,0.2569296360015869,0.04927864,0.018688833,782.4508789146862,-0.006494508979864397,7.8214221576868015,100.0,9600,1.5609207153320312,5.7948930261633275e-06,5.930275523146609e-06,783.3708600134975,100.0
960,1.7546262741088867,782.3513034650533,2.1668292527600763,783.4355681574871,775.3233699669098,100.0,4.4472400702298645,0.1,0.013037681579589844,0.3238871097564697,0.0447421,0.015959082,782.4409213697229,-0.006511085226507528,7.816822248106827,100.0,9600,1.665586233139038,1.1875395692286695e-05,1.1918796256273617e-05,783.3684083961757,100.0
961,1.5524067878723145,782.264918029412,3.6416171243970754,783.3950892528774,751.2235630945777,100.0,3.196457003674093,0.1,0.014258861541748047,0.25892043113708496,0.04847169,0.020125613,782.4233210356917,-0.00654149311226548,7.8159585068877355,100.0,9600,2.0049898624420166,2.667127869784519e-05,2.7536637051184017e-05,783.3776111295011,100.0
962,1.5979082584381104,782.5595476653938,1.700710528355368,783.400222955441,775.285558874744,100.0,3.7108332185111763,0.1,0.012890100479125977,0.28238821029663086,0.046311393,0.021148156,782.4369436986619,-0.006510660634737699,7.81890600603193,100.0,9600,1.4793460369110107,8.826121441777758e-06,8.413477237768158e-06,783.3829124565963,100.0
963,1.5578365325927734,782.3114177919896,2.1841409024725857,783.4101876851418,775.3038231653935,100.0,4.937297009400231,0.1,0.012869596481323242,0.2797980308532715,0.049340945,0.016489685,782.4243911079948,-0.0064928040714042415,7.816423862595262,100.0,9600,1.5529992580413818,1.607799686046534e-05,1.4988753844496911e-05,783.3841056754835,100.0
964,1.6085851192474365,782.5573302250214,1.9746952762643484,783.4120549271759,775.2934076410247,100.0,5.119780951558093,0.1,0.01302957534790039,0.3146655559539795,0.046918813,0.016089039,782.4376850196975,-0.006534953992488709,7.818881712674178,100.0,9600,1.5514819622039795,1.1756416843638646e-05,1.2175438163998729e-05,783.3906504814539,100.0
965,1.5925042629241943,782.7315099666563,1.5622871064368906,783.4120036220289,775.3631981180515,100.0,4.266595596393832,0.1,0.011783123016357422,0.30484604835510254,0.048493765,0.02102263,782.4670675143934,-0.006458634135729563,7.820624699197604,100.0,9600,1.6527247428894043,6.713453728056837e-06,6.264242021338317e-06,783.382832164428,100.0
966,1.5719094276428223,782.6487388362652,2.0044734100673227,783.4084372867768,771.330324709398,100.0,4.350506201177595,0.1,0.011807918548583984,0.2547738552093506,0.04809257,0.017777601,782.4852346465807,-0.006452685138712187,7.819797314861287,100.0,9600,1.462566614151001,9.447141014375615e-06,9.483262578622125e-06,783.3785105134157,100.0
967,1.598236322402954,782.1451975564293,2.5329239892630127,783.3951087153764,771.3032254345061,100.0,4.5960801599424705,0.1,0.011818647384643555,0.33983302116394043,0.048843287,0.020688727,782.4512309375655,-0.0064884612407752895,7.814761538759225,100.0,9600,1.9051294326782227,1.8756264180270804e-05,2.2163059188831375e-05,783.3796505658638,100.0
968,1.7038612365722656,782.6506894608464,1.9186258237960945,783.4116802603068,775.3096987621918,100.0,5.109491969231872,0.1,0.011921167373657227,0.29108500480651855,0.04920682,0.01716073,782.4711767898935,-0.0064338898084622355,7.819816110191538,100.0,9600,2.380061149597168,1.6986038616599728e-05,1.0076958864565345e-05,783.380340157185,100.0
969,1.567446231842041,782.6428432164557,1.8270328230358537,783.3982434531523,775.341418101924,100.0,4.170285406395132,0.1,0.014410018920898438,0.31136059761047363,0.050236844,0.018269395,782.4883434325499,-0.006511549457075897,7.819738450542924,100.0,9600,1.5199992656707764,8.356875152936101e-06,7.575577530749633e-06,783.397539919719,100.0
970,1.597916603088379,782.6014870491193,1.7660514598666466,783.4223327045629,775.307885637511,100.0,4.766286562402724,0.1,0.012909412384033203,0.2935943603515625,0.048139244,0.01611561,782.4996577942068,-0.006507616732100929,7.819325716601232,100.0,9600,1.7955079078674316,7.052752707400551e-06,8.59905606586035e-06,783.3679551643005,100.0
971,1.5888128280639648,782.4376764373181,1.9624617491699792,783.4056506882681,775.3126521976616,100.0,4.481329360993883,0.1,0.01186823844909668,0.2644491195678711,0.046599694,0.0186775,782.4934596585178,-0.00647988740836006,7.817686779258307,100.0,9600,1.5083353519439697,1.2813771218184259e-05,1.3652516548025403e-05,783.38234407418,100.0
972,1.543975591659546,782.3529279640697,2.52501594531214,783.4043395822939,767.2977951176895,100.0,3.1435565674666592,0.1,0.01299738883972168,0.31499719619750977,0.048682056,0.022625975,782.4794064890731,-0.006493357010499111,7.816839976322835,100.0,9600,1.077019214630127,1.8661760230152264e-05,1.661598104052699e-05,783.398972006039,100.0
973,1.5898725986480713,782.4795584402746,2.3342942079534645,783.4152224744972,767.2733111210034,100.0,3.094570437967126,0.1,0.01295018196105957,0.2914760112762451,0.047258932,0.024922667,782.4794216841933,-0.00647708545184632,7.818106247881487,100.0,9600,1.616706132888794,1.3401014378105351e-05,1.3499027137756024e-05,783.4002609426382,100.0
974,1.5872726440429688,782.4004774936915,2.1499817149944493,783.4152952244236,775.31628706073,100.0,6.133285273966704,0.1,0.012918949127197266,0.29660844802856445,0.049447265,0.013489356,782.4715272651432,-0.00643557917514444,7.817314420824855,100.0,9600,1.9942734241485596,1.2096028066758221e-05,1.9237355318218552e-05,783.3726179473975,100.0
975,1.6853389739990234,782.3143525499478,2.187476142192638,783.4005963676418,771.3275276450998,100.0,5.616374828238329,0.1,0.011460304260253906,0.2890446186065674,0.04889283,0.016229289,782.4558097936238,-0.006463949900516384,7.81645271676615,100.0,9600,1.2648417949676514,2.1383096021250835e-05,1.4079940703180254e-05,783.3763578209036,100.0
976,1.6221504211425781,782.5635723080469,1.6003053597984913,783.4037926478439,779.2994023896048,100.0,4.662301933746676,0.1,0.014475345611572266,0.34592223167419434,0.04965186,0.018569952,782.4665860450662,-0.00647084957446221,7.818945817092204,100.0,9600,1.732757329940796,7.715486518034337e-06,9.525793917148851e-06,783.383449185789,100.0
977,1.5953240394592285,782.6466927604206,2.003923653575797,783.4192413584035,771.3474783779727,100.0,5.415697896269769,0.1,0.011712789535522461,0.3355743885040283,0.04896263,0.015850786,782.4845967166016,-0.006473433235471748,7.819776566764529,100.0,9600,1.2083709239959717,1.075529668852478e-05,9.66269000301147e-06,783.3660259342792,100.0
978,1.5492491722106934,782.1835325929056,2.5230858853763936,783.4035663835231,771.2539926580002,100.0,3.7416840867544394,0.1,0.012999296188354492,0.29943013191223145,0.04769155,0.021701809,782.454490304232,-0.006521514042445754,7.815145152624221,100.0,9600,1.986806869506836,1.9298014622779926e-05,2.256807078022242e-05,783.3734238659479,100.0
979,1.5618984699249268,782.2261831985228,2.2207047852011494,783.401800653088,771.297052228255,100.0,3.803195751058596,0.1,0.011928319931030273,0.2994959354400635,0.048480976,0.017285971,782.431659593661,-0.0065108514922882854,7.815572481841045,100.0,9600,1.8656749725341797,1.378757891815946e-05,1.0827713433906478e-05,783.3714954466394,100.0
980,1.5964915752410889,782.6367190317065,1.9197969833250674,783.3969395457175,775.2895188914272,100.0,5.085954949526917,0.1,0.019230365753173828,0.3340773582458496,0.049323637,0.016689671,782.4521655374656,-0.0065731703183565466,7.819676829681643,100.0,9600,1.6871659755706787,1.2499620256374087e-05,1.1245242265473207e-05,783.3472656545207,100.0
981,1.5764524936676025,782.5131900549578,1.9137875417227486,783.3888593594354,775.3099760492676,100.0,4.95112856714144,0.1,0.012200117111206055,0.29339122772216797,0.049798932,0.014597141,782.4582679892148,-0.006558093870166637,7.818441906129834,100.0,9600,1.9020638465881348,9.744142840842878e-06,9.337176912244305e-06,783.3415758621038,100.0
982,1.5648260116577148,782.2271089936786,2.219306457339259,783.4048168731341,771.2981846200489,100.0,4.018093545540833,0.1,0.008120298385620117,0.3080270290374756,0.049400374,0.020318775,782.4351520896612,-0.006500130026791916,7.8155832033065415,100.0,9600,1.555929183959961,1.436866271958494e-05,1.3947042957801543e-05,783.3627454070869,100.0
983,1.6307408809661865,782.3932900601461,2.1489880867682714,783.4034126907725,771.2960809589043,100.0,5.205850420938515,0.1,0.0131683349609375,0.2966325283050537,0.049927518,0.01901873,782.4309658867097,-0.00650618805078719,7.817243811949212,100.0,9600,1.6014773845672607,1.2788515323795121e-05,1.1828310193495086e-05,779.3503422594852,100.0
984,1.5828831195831299,782.5967165992297,2.032134947280637,783.4025882288694,775.2841656783136,100.0,4.602571551616701,0.1,0.012929916381835938,0.2968025207519531,0.049547564,0.020825582,782.4475409579618,-0.0065548095386335214,7.8192785237947,100.0,9600,2.2958850860595703,8.886269530956725e-06,1.0287415836343656e-05,783.3864409110482,100.0
985,1.6084566116333008,782.0546418474368,2.4216268204667752,783.4080342131233,771.3042251578246,100.0,5.079124750982678,0.1,0.014716386795043945,0.30903005599975586,0.049490534,0.016784186,782.4082510469093,-0.006560622657087858,7.813856044009579,100.0,9600,2.2846457958221436,1.6503680945157914e-05,1.903165279567399e-05,783.3696108053412,100.0
986,1.5952105522155762,782.3018509944235,2.2629900994353753,783.3895852191836,775.2942307561958,100.0,4.5294072773293115,0.1,0.013145685195922852,0.30699753761291504,0.048460323,0.019851161,782.3976110416608,-0.00658689885910892,7.816329767807557,100.0,9600,1.4093890190124512,1.7897709258344257e-05,1.3445327940913185e-05,783.3903170927558,100.0
987,1.5629355907440186,781.8392346443761,2.400941088719904,783.3882572628054,775.3049926281341,100.0,4.519686088890825,0.1,0.012932538986206055,0.28087353706359863,0.04603532,0.018759437,782.3417734019323,-0.006629877636337597,7.811703455696995,100.0,9600,1.8501346111297607,1.755039852833694e-05,1.9550290215441967e-05,783.315243133564,100.0
988,1.5877482891082764,782.3744701965787,1.811083115739134,783.4036648393334,775.3137718703008,100.0,4.499205331620861,0.1,0.012741804122924805,0.279559850692749,0.049696743,0.021166805,782.345043081397,-0.006693503527651328,7.8170564964723495,100.0,9600,1.4400339126586914,8.949361162560892e-06,8.278907166566373e-06,783.3196644744736,100.0
989,1.595381259918213,782.3363115504907,2.166789882292616,783.3772051223581,775.2770735209397,100.0,4.132842878488532,0.1,0.014101028442382812,0.32099127769470215,0.046529476,0.018808981,782.3441699283064,-0.006658766758216669,7.8166745665751165,100.0,9600,1.5536935329437256,1.058559970402653e-05,1.18206582496319e-05,783.335853728577,100.0
990,1.6594908237457275,782.50856366058,1.997115559483771,783.3932202121613,771.3005676461464,100.0,5.530284944443766,0.1,0.011876821517944336,0.288973331451416,0.047701817,0.014352014,782.3606093015338,-0.0066049632168518335,7.818395036783148,100.0,9600,1.5968694686889648,1.3378423885486558e-05,1.2569595194065908e-05,783.3482924692587,100.0
991,1.7098560333251953,782.9218172749802,1.3588868551889333,783.3913403731311,775.2987903638744,100.0,4.885997001896748,0.1,0.016767024993896484,0.3120737075805664,0.05000733,0.01934912,782.4167300988785,-0.00663882937232622,7.8225278372943405,100.0,9600,1.7457613945007324,5.1427689213344284e-06,3.938915635328388e-06,783.3193288846383,100.0
992,1.5615062713623047,782.7981207088548,1.6016296530422565,783.3858196606056,775.2884497798519,100.0,4.73734005381239,0.1,0.012907028198242188,0.27564406394958496,0.050283793,0.02047119,782.4548691598761,-0.006625946431459675,7.821290720235207,100.0,9600,1.2210023403167725,6.381471943171896e-06,6.400502877322819e-06,783.3527999676329,100.0
993,1.5863912105560303,782.2177191582787,1.9812898214561305,783.4057480219187,775.3236383963333,100.0,4.714990483039522,0.1,0.011333227157592773,0.2971475124359131,0.049075663,0.019253388,782.4311541597164,-0.0065958513442752045,7.815487481989059,100.0,9600,1.4530835151672363,1.1407574064443147e-05,1.142576952244922e-05,783.2878595652351,100.0
994,1.5959134101867676,782.2538791498946,2.0466966973109972,783.3920150126946,775.2940817744562,100.0,4.0062604588051,0.1,0.010363340377807617,0.3055408000946045,0.048756868,0.020121709,782.4134266587342,-0.0066510662980125744,7.815848933701987,100.0,9600,1.9182281494140625,1.1356053046485215e-05,1.1300615144527256e-05,779.3435890657469,100.0
995,1.568662166595459,782.4212036535729,2.129359618562235,783.3937742922891,771.2796968507174,100.0,4.089888425732652,0.1,0.011667013168334961,0.2974565029144287,0.045938395,0.018009625,782.4142043582182,-0.006643758839784835,7.8175229078268815,100.0,9600,1.6742472648620605,1.4458422958522962e-05,1.4162186674896794e-05,783.4251146800317,100.0
996,1.5936553478240967,782.3434866188603,2.3155209173312334,783.3975354426203,771.3153750716705,100.0,3.88158125835696,0.1,0.013010978698730469,0.30707836151123047,0.048644442,0.0194318,782.4071325842824,-0.00658916580439206,7.816744167528941,100.0,9600,1.5204436779022217,1.4099725997296082e-05,1.5080538899647794e-05,783.3417601796223,100.0
997,1.5540482997894287,782.3015923579478,2.2591397962216955,783.4020496351669,771.2945323262629,100.0,3.8398239525369546,0.1,0.012927532196044922,0.30863118171691895,0.045589134,0.021165365,782.396578561649,-0.00659180580506924,7.816324860861598,100.0,9600,1.3045885562896729,1.568608019988101e-05,1.4449184305104063e-05,783.3459733190651,100.0
998,1.7669734954833984,782.7251553530201,1.67143269851563,783.395801477935,775.3266280071679,100.0,4.55762030288305,0.1,0.012797355651855469,0.2987830638885498,0.04767986,0.017945651,782.4294362407861,-0.006522213659333411,7.820561119673999,100.0,9600,1.4678092002868652,9.437028987859455e-06,8.464958859927336e-06,783.3929769104307,100.0
999,1.5499348640441895,782.6405130271909,2.083552734298803,783.4183055149464,771.3345767312723,100.0,4.393134336723886,0.1,0.015247344970703125,0.30303239822387695,0.04630195,0.01846201,782.4505439194265,-0.006534445519878722,7.819715554480122,100.0,9600,1.3611927032470703,1.3069685313157103e-05,1.5543107417943213e-05,783.3256474201244,100.0
1000,1.5929043292999268,782.7198786829358,1.6716839923881452,783.388316628522,775.3170015344748,100.0,5.192585508001779,0.1,0.0061533451080322266,0.1318213939666748,0.047376174,0.017507367,782.4774773957774,-0.006576062077764215,7.820507271255568,100.0,9600,1.3770325183868408,9.063785593109e-06,7.144168028243151e-06,783.3415530318546,100.0
